005750300 53920
005750303 48640
005750321 44368
005750330 69760
005750347 64000
005940019 73456
005940025 57504
005940141 52320
005940142 45120
005940164 72320
005940174 89616
005940193 57632
005940195 37792
005940234 46160
005940237 62144
005940238 63056
005940252 64640
005940263 79840
005940267 66592
005940271 57280
005940283 50880
005940304 41440
005940318 57968
005940373 76640
005940380 96208
007390013 74464
007390019 80576
007390062 87344
007390070 119472
007390072 62416
007390092 74784
007390119 74896
007390120 61824
007390139 77744
007390160 75328
007390195 93744
007390197 57504
007390208 103968
007390211 58736
007390220 77200
007390228 64848
007390238 69792
007390281 52912
007390294 46768
007390355 96448
008130061 52720
008130081 68720
008130091 77152
008130100 55024
008130153 38768
008130196 37632
008130222 53056
008130233 41120
008130257 41904
008130271 50448
008130281 46048
008130282 71728
008130283 60880
008130288 59024
008130301 48720
008130339 48512
008130340 58176
008130346 51568
008130356 42208
008130380 58416
009600062 54752
009600113 107024
009600118 74560
009600120 47904
009600127 68176
009600129 66912
009600133 95056
009600140 55040
009600186 51136
009600190 78304
009600205 73136
009600215 41296
009600262 48320
009600267 65376
009600270 61840
009600287 51072
009600335 88208
009600337 87152
009600338 67328
009600343 44496
010120008 51520
010120059 102720
010120071 64480
010120128 39840
010120148 61120
010120166 56640
010120180 35520
010120193 42400
010120200 39040
010120208 60160
010120212 50720
010120219 55040
010120243 69440
010120255 55040
010120265 51680
010120269 47600
010120303 63840
010120334 57168
010120335 71200
010120374 45440
010270117 44544
010270124 65440
010270131 39520
010270140 59456
010270170 40096
010270198 54960
010270226 48320
010270238 51040
010270265 49392
010270268 56800
010270294 42400
010270301 42112
010270306 76720
010270314 45296
010270349 60480
010270354 38560
010270356 71328
010270366 72480
010270368 65280
010270377 64320
