005750300 16
005750303 15
005750321 16
005750330 30
005750347 28
005940019 20
005940025 22
005940141 18
005940142 16
005940164 19
005940174 24
005940193 17
005940195 13
005940234 16
005940237 19
005940238 20
005940252 17
005940263 26
005940267 21
005940271 19
005940283 17
005940304 18
005940318 21
005940373 22
005940380 25
007390013 19
007390019 21
007390062 21
007390070 38
007390072 16
007390092 16
007390119 22
007390120 16
007390139 23
007390160 24
007390195 28
007390197 17
007390208 20
007390211 14
007390220 29
007390228 18
007390238 21
007390281 19
007390294 13
007390355 28
008130061 27
008130081 27
008130091 38
008130100 25
008130153 15
008130196 16
008130222 19
008130233 17
008130257 14
008130271 23
008130281 20
008130282 30
008130283 27
008130288 29
008130301 19
008130339 18
008130340 20
008130346 17
008130356 16
008130380 21
009600062 17
009600113 35
009600118 25
009600120 14
009600127 22
009600129 21
009600133 32
009600140 18
009600186 19
009600190 23
009600205 28
009600215 12
009600262 13
009600267 19
009600270 26
009600287 16
009600335 31
009600337 19
009600338 25
009600343 12
010120008 16
010120059 33
010120071 25
010120128 18
010120148 28
010120166 22
010120180 12
010120193 16
010120200 17
010120208 24
010120212 20
010120219 22
010120243 31
010120255 22
010120265 19
010120269 21
010120303 31
010120334 23
010120335 29
010120374 18
010270117 15
010270124 19
010270131 14
010270140 23
010270170 18
010270198 22
010270226 17
010270238 16
010270265 23
010270268 30
010270294 16
010270301 19
010270306 34
010270314 18
010270349 24
010270354 17
010270356 24
010270366 23
010270368 21
010270377 31
