005750300 1
005750303 1
005750321 1
005750330 1
005750347 1
005940019 1
005940025 1
005940141 1
005940142 1
005940164 1
005940174 1
005940193 1
005940195 1
005940234 1
005940237 1
005940238 1
005940252 1
005940263 1
005940267 1
005940271 1
005940283 1
005940304 1
005940318 1
005940373 1
005940380 1
007390013 1
007390019 1
007390062 1
007390070 1
007390072 1
007390092 1
007390119 1
007390120 1
007390139 1
007390160 1
007390195 1
007390197 1
007390208 1
007390211 1
007390220 1
007390228 1
007390238 1
007390281 1
007390294 1
007390355 1
008130061 1
008130081 1
008130091 1
008130100 1
008130153 1
008130196 1
008130222 1
008130233 1
008130257 1
008130271 1
008130281 1
008130282 1
008130283 1
008130288 1
008130301 1
008130339 1
008130340 1
008130346 1
008130356 1
008130380 1
009600062 1
009600113 1
009600118 1
009600120 1
009600127 1
009600129 1
009600133 1
009600140 1
009600186 1
009600190 1
009600205 1
009600215 1
009600262 1
009600267 1
009600270 1
009600287 1
009600335 1
009600337 1
009600338 1
009600343 1
010120008 1
010120059 1
010120071 1
010120128 1
010120148 1
010120166 1
010120180 1
010120193 1
010120200 1
010120208 1
010120212 1
010120219 1
010120243 1
010120255 1
010120265 1
010120269 1
010120303 1
010120334 1
010120335 1
010120374 1
010270117 1
010270124 1
010270131 1
010270140 1
010270170 1
010270198 1
010270226 1
010270238 1
010270265 1
010270268 1
010270294 1
010270301 1
010270306 1
010270314 1
010270349 1
010270354 1
010270356 1
010270366 1
010270368 1
010270377 1
