005750300 5
005750303 5
005750321 5
005750330 9
005750347 8
005940019 9
005940025 7
005940141 7
005940142 6
005940164 8
005940174 10
005940193 8
005940195 5
005940234 6
005940237 8
005940238 6
005940252 6
005940263 9
005940267 6
005940271 7
005940283 6
005940304 7
005940318 10
005940373 8
005940380 10
007390013 5
007390019 7
007390062 8
007390070 10
007390072 5
007390092 6
007390119 7
007390120 6
007390139 8
007390160 8
007390195 9
007390197 7
007390208 8
007390211 5
007390220 8
007390228 6
007390238 7
007390281 5
007390294 5
007390355 9
008130061 8
008130081 10
008130091 9
008130100 9
008130153 5
008130196 6
008130222 6
008130233 7
008130257 5
008130271 7
008130281 5
008130282 10
008130283 8
008130288 9
008130301 6
008130339 7
008130340 9
008130346 5
008130356 6
008130380 9
009600062 6
009600113 10
009600118 9
009600120 5
009600127 8
009600129 6
009600133 9
009600140 6
009600186 6
009600190 9
009600205 7
009600215 5
009600262 5
009600267 8
009600270 6
009600287 7
009600335 10
009600337 5
009600338 7
009600343 6
010120008 5
010120059 10
010120071 9
010120128 5
010120148 9
010120166 8
010120180 5
010120193 5
010120200 7
010120208 8
010120212 8
010120219 7
010120243 10
010120255 8
010120265 5
010120269 7
010120303 9
010120334 8
010120335 9
010120374 5
010270117 5
010270124 7
010270131 6
010270140 9
010270170 6
010270198 9
010270226 6
010270238 6
010270265 6
010270268 10
010270294 6
010270301 7
010270306 10
010270314 6
010270349 7
010270354 5
010270356 9
010270366 10
010270368 8
010270377 10
