054180077 10
054180079 12
054180087 26
054180091 19
054180096 12
054180111 20
054180123 18
054180126 20
054180130 29
054180174 23
054240002 18
054240025 14
054240038 15
054240039 17
054240048 16
054240053 24
054240079 11
054240091 10
054240093 10
054240094 10
054240097 27
054240099 29
054240109 14
054240115 19
054240116 16
054240117 15
054240125 16
054240126 22
054240138 22
054240152 21
055510024 16
055510029 12
055510046 22
055510061 24
055510067 14
055510070 19
055510078 10
055510079 13
055510084 16
055510088 20
055510093 16
055510096 13
055510100 16
055510110 17
055510122 23
055510130 19
055510143 28
055510156 18
055510164 27
055510165 16
060100004 19
060100009 19
060100031 23
060100034 18
060100037 16
060100041 20
060100047 20
060100066 12
060100081 24
060100092 11
060100100 26
060100101 18
060100105 15
060100124 6
060100128 28
060100132 25
060100147 17
060100154 22
060100159 15
060100164 17
060480005 16
060480008 19
060480012 18
060480018 14
060480037 16
060480050 16
060480082 12
060480084 27
060480090 21
060480094 17
060480102 12
060480104 21
060480131 29
060480134 9
060480135 23
060480145 22
060480147 10
060480148 18
060480168 14
060480169 25
061210013 16
061210031 11
061210059 16
061210060 22
061210063 29
061210068 26
061210069 23
061210071 13
061210075 11
061210086 11
061210095 17
061210109 20
061210128 22
061210129 30
061210140 13
061210141 22
061210142 11
061210147 22
061210148 16
061210174 23
064010049 12
064010056 23
064010057 13
064010066 14
064010067 19
064010086 18
064010092 16
064010093 19
064010103 13
064010107 16
064010109 11
064010120 13
064010123 16
064010135 15
064010141 17
