054180077 34512
054180079 32800
054180087 56640
054180091 41536
054180096 35696
054180111 41440
054180123 43360
054180126 43760
054180130 74864
054180174 57888
054240002 72896
054240025 45280
054240038 50096
054240039 45424
054240048 52640
054240053 58240
054240079 39904
054240091 36848
054240093 39872
054240094 35968
054240097 63520
054240099 81776
054240109 38480
054240115 60896
054240116 44480
054240117 45968
054240125 40160
054240126 65440
054240138 52640
054240152 66832
055510024 47360
055510029 41440
055510046 71744
055510061 61504
055510067 49280
055510070 65840
055510078 41280
055510079 102864
055510084 46240
055510088 58720
055510093 55360
055510096 46576
055510100 50528
055510110 51840
055510122 72992
055510130 62560
055510143 95840
055510156 50256
055510164 72480
055510165 45760
060100004 68960
060100009 44640
060100031 65440
060100034 56032
060100037 40960
060100041 82880
060100047 56960
060100066 39840
060100081 76480
060100092 36000
060100100 85120
060100101 60320
060100105 50352
060100124 89920
060100128 88480
060100132 75872
060100147 47952
060100154 53760
060100159 46080
060100164 68160
060480005 58032
060480008 51040
060480012 61776
060480018 45920
060480037 48480
060480050 52800
060480082 48160
060480084 73872
060480090 74880
060480094 53600
060480102 45488
060480104 72000
060480131 78320
060480134 50176
060480135 59296
060480145 64000
060480147 47840
060480148 56320
060480168 68480
060480169 72000
061210013 44800
061210031 37760
061210059 40800
061210060 55488
061210063 64960
061210068 61440
061210069 59216
061210071 37280
061210075 33600
061210086 34400
061210095 38720
061210109 62720
061210128 47360
061210129 66240
061210140 48320
061210141 49104
061210142 34080
061210147 57920
061210148 36960
061210174 46080
064010049 49120
064010056 72288
064010057 58288
064010066 69616
064010067 68208
064010086 54720
064010092 56336
064010093 73744
064010103 59840
064010107 56064
064010109 43264
064010120 58624
064010123 69088
064010135 53760
064010141 65008
