054180077 1
054180079 1
054180087 1
054180091 1
054180096 1
054180111 1
054180123 1
054180126 1
054180130 1
054180174 1
054240002 1
054240025 1
054240038 1
054240039 1
054240048 1
054240053 1
054240079 1
054240091 1
054240093 1
054240094 1
054240097 1
054240099 1
054240109 1
054240115 1
054240116 1
054240117 1
054240125 1
054240126 1
054240138 1
054240152 1
055510024 1
055510029 1
055510046 1
055510061 1
055510067 1
055510070 1
055510078 1
055510079 1
055510084 1
055510088 1
055510093 1
055510096 1
055510100 1
055510110 1
055510122 1
055510130 1
055510143 1
055510156 1
055510164 1
055510165 1
060100004 1
060100009 1
060100031 1
060100034 1
060100037 1
060100041 1
060100047 1
060100066 1
060100081 1
060100092 1
060100100 1
060100101 1
060100105 1
060100124 1
060100128 1
060100132 1
060100147 1
060100154 1
060100159 1
060100164 1
060480005 1
060480008 1
060480012 1
060480018 1
060480037 1
060480050 1
060480082 1
060480084 1
060480090 1
060480094 1
060480102 1
060480104 1
060480131 1
060480134 1
060480135 1
060480145 1
060480147 1
060480148 1
060480168 1
060480169 1
061210013 1
061210031 1
061210059 1
061210060 1
061210063 1
061210068 1
061210069 1
061210071 1
061210075 1
061210086 1
061210095 1
061210109 1
061210128 1
061210129 1
061210140 1
061210141 1
061210142 1
061210147 1
061210148 1
061210174 1
064010049 1
064010056 1
064010057 1
064010066 1
064010067 1
064010086 1
064010092 1
064010093 1
064010103 1
064010107 1
064010109 1
064010120 1
064010123 1
064010135 1
064010141 1
