054180077 4
054180079 4
054180087 7
054180091 5
054180096 5
054180111 6
054180123 6
054180126 6
054180130 10
054180174 8
054240002 7
054240025 5
054240038 6
054240039 6
054240048 5
054240053 8
054240079 4
054240091 4
054240093 4
054240094 4
054240097 9
054240099 10
054240109 5
054240115 6
054240116 6
054240117 6
054240125 6
054240126 6
054240138 7
054240152 9
055510024 6
055510029 5
055510046 9
055510061 8
055510067 5
055510070 7
055510078 4
055510079 5
055510084 5
055510088 7
055510093 6
055510096 5
055510100 6
055510110 6
055510122 6
055510130 7
055510143 9
055510156 6
055510164 10
055510165 4
060100004 6
060100009 6
060100031 9
060100034 6
060100037 4
060100041 7
060100047 8
060100066 4
060100081 9
060100092 4
060100100 8
060100101 4
060100105 6
060100124 3
060100128 9
060100132 8
060100147 6
060100154 6
060100159 5
060100164 6
060480005 6
060480008 7
060480012 6
060480018 5
060480037 6
060480050 6
060480082 5
060480084 8
060480090 8
060480094 5
060480102 4
060480104 8
060480131 8
060480134 4
060480135 7
060480145 8
060480147 4
060480148 6
060480168 6
060480169 7
061210013 6
061210031 5
061210059 6
061210060 8
061210063 9
061210068 9
061210069 8
061210071 5
061210075 4
061210086 5
061210095 5
061210109 8
061210128 9
061210129 10
061210140 4
061210141 6
061210142 5
061210147 7
061210148 5
061210174 4
064010049 4
064010056 4
064010057 4
064010066 6
064010067 6
064010086 5
064010092 5
064010093 7
064010103 4
064010107 4
064010109 4
064010120 4
064010123 4
064010135 4
064010141 6
