096150017 18
096150018 24
096150019 19
096150020 26
096150021 26
096150024 29
096150025 29
096150026 28
096150027 17
096150028 21
096160001 17
096160002 14
096160003 13
096160004 21
096160005 17
096160006 27
096160007 21
096160008 27
096160009 26
096160010 19
096160011 29
096160012 24
096160013 21
096160014 24
096160015 19
096160016 15
096160017 29
096160018 30
096160019 19
096160020 24
096190001 18
096190002 14
096190003 18
096190004 23
096190005 27
096190006 16
096190007 27
096190008 20
096190009 27
096190010 15
096190011 12
096190012 25
096190013 25
096190014 28
096190015 27
096190016 26
096190017 20
096190019 30
096190020 14
096190021 11
096240001 14
096240002 19
096240003 17
096240004 14
096240005 25
096240006 30
096240007 28
096240008 21
096240009 18
096240010 23
096240011 13
096240012 37
096240013 11
096240014 27
096240015 27
096240016 12
096240017 21
096240019 24
096240020 14
096240021 30
096250001 17
096250002 27
096250003 14
096250004 12
096250005 20
096250007 18
096250008 14
096250009 20
096250010 18
096250011 21
096250012 21
096250013 16
096250014 23
096250015 12
096250016 14
096250017 15
096250018 22
096250020 26
096250021 27
096250023 14
096280011 19
096280012 14
096280013 27
096280014 20
096280015 18
096280016 14
096280017 21
096280018 22
096280019 12
096280020 23
096280021 16
096280022 22
096280023 22
096280024 29
096280025 17
096280026 17
096280027 15
096280028 16
096280029 17
096280030 21
096300001 22
096300002 13
096300003 15
096300004 25
096300005 13
096300006 20
096300007 17
096300008 16
096300009 14
096300010 18
096300011 11
096300012 26
096300013 25
096300014 17
096300015 17
