096150017 148512
096150018 139664
096150019 144912
096150020 178160
096150021 160720
096150024 193488
096150025 212976
096150026 237648
096150027 104336
096150028 120208
096160001 242560
096160002 190720
096160003 66960
096160004 86128
096160005 75792
096160006 145632
096160007 76496
096160008 116576
096160009 116224
096160010 96992
096160011 117520
096160012 97712
096160013 85776
096160014 128416
096160015 84208
096160016 122448
096160017 123904
096160018 129776
096160019 78736
096160020 118944
096190001 73872
096190002 88912
096190003 101040
096190004 129312
096190005 140656
096190006 96240
096190007 122640
096190008 101552
096190009 107424
096190010 67440
096190011 74448
096190012 112544
096190013 117408
096190014 135728
096190015 108416
096190016 123392
096190017 99680
096190019 102832
096190020 66496
096190021 64944
096240001 50400
096240002 77440
096240003 71104
096240004 69472
096240005 101808
096240006 116864
096240007 180800
096240008 60960
096240009 88608
096240010 85856
096240011 66768
096240012 131776
096240013 53968
096240014 114080
096240015 133440
096240016 44160
096240017 94288
096240019 92816
096240020 52640
096240021 126240
096250001 61408
096250002 116928
096250003 63040
096250004 50720
096250005 78400
096250007 71536
096250008 56880
096250009 71056
096250010 74048
096250011 80176
096250012 79456
096250013 77360
096250014 105648
096250015 57504
096250016 75536
096250017 72496
096250018 81600
096250020 115440
096250021 119168
096250023 54960
096280011 113312
096280012 80640
096280013 159792
096280014 135696
096280015 138576
096280016 93280
096280017 139216
096280018 117120
096280019 81600
096280020 160960
096280021 92800
096280022 188528
096280023 142352
096280024 171520
096280025 107696
096280026 79184
096280027 75728
096280028 96368
096280029 88368
096280030 98016
096300001 64288
096300002 48288
096300003 66032
096300004 83680
096300005 61072
096300006 73168
096300007 62304
096300008 80976
096300009 51552
096300010 61200
096300011 52512
096300012 86000
096300013 82912
096300014 53424
096300015 59184
