096150017 1
096150018 1
096150019 1
096150020 1
096150021 1
096150024 1
096150025 1
096150026 1
096150027 1
096150028 1
096160001 1
096160002 1
096160003 1
096160004 1
096160005 1
096160006 1
096160007 1
096160008 1
096160009 1
096160010 1
096160011 1
096160012 1
096160013 1
096160014 1
096160015 1
096160016 1
096160017 1
096160018 1
096160019 1
096160020 1
096190001 1
096190002 1
096190003 1
096190004 1
096190005 1
096190006 1
096190007 1
096190008 1
096190009 1
096190010 1
096190011 1
096190012 1
096190013 1
096190014 1
096190015 1
096190016 1
096190017 1
096190019 1
096190020 1
096190021 1
096240001 1
096240002 1
096240003 1
096240004 1
096240005 1
096240006 1
096240007 1
096240008 1
096240009 1
096240010 1
096240011 1
096240012 1
096240013 1
096240014 1
096240015 1
096240016 1
096240017 1
096240019 1
096240020 1
096240021 1
096250001 1
096250002 1
096250003 1
096250004 1
096250005 1
096250007 1
096250008 1
096250009 1
096250010 1
096250011 1
096250012 1
096250013 1
096250014 1
096250015 1
096250016 1
096250017 1
096250018 1
096250020 1
096250021 1
096250023 1
096280011 1
096280012 1
096280013 1
096280014 1
096280015 1
096280016 1
096280017 1
096280018 1
096280019 1
096280020 1
096280021 1
096280022 1
096280023 1
096280024 1
096280025 1
096280026 1
096280027 1
096280028 1
096280029 1
096280030 1
096300001 1
096300002 1
096300003 1
096300004 1
096300005 1
096300006 1
096300007 1
096300008 1
096300009 1
096300010 1
096300011 1
096300012 1
096300013 1
096300014 1
096300015 1
