096150017 7
096150018 7
096150019 7
096150020 9
096150021 9
096150024 10
096150025 10
096150026 10
096150027 7
096150028 7
096160001 7
096160002 6
096160003 5
096160004 8
096160005 6
096160006 9
096160007 8
096160008 10
096160009 9
096160010 7
096160011 10
096160012 10
096160013 8
096160014 9
096160015 8
096160016 6
096160017 9
096160018 9
096160019 6
096160020 9
096190001 6
096190002 5
096190003 7
096190004 8
096190005 10
096190006 6
096190007 10
096190008 7
096190009 9
096190010 5
096190011 5
096190012 9
096190013 8
096190014 10
096190015 9
096190016 9
096190017 7
096190019 10
096190020 5
096190021 5
096240001 5
096240002 8
096240003 5
096240004 5
096240005 8
096240006 10
096240007 10
096240008 7
096240009 7
096240010 8
096240011 6
096240012 10
096240013 5
096240014 10
096240015 9
096240016 5
096240017 8
096240019 9
096240020 6
096240021 10
096250001 7
096250002 9
096250003 6
096250004 5
096250005 8
096250007 7
096250008 6
096250009 7
096250010 6
096250011 8
096250012 7
096250013 7
096250014 10
096250015 5
096250016 6
096250017 6
096250018 7
096250020 9
096250021 10
096250023 5
096280011 7
096280012 6
096280013 10
096280014 7
096280015 7
096280016 5
096280017 8
096280018 8
096280019 6
096280020 10
096280021 7
096280022 7
096280023 8
096280024 10
096280025 6
096280026 6
096280027 6
096280028 7
096280029 7
096280030 7
096300001 9
096300002 5
096300003 6
096300004 8
096300005 6
096300006 6
096300007 7
096300008 7
096300009 6
096300010 8
096300011 5
096300012 10
096300013 9
096300014 6
096300015 6
