024270176 20
024270178 16
024270183 22
024270197 20
024270206 20
024270245 23
024270270 23
024270292 19
024270313 13
024270336 13
024300001 21
024300052 23
024300061 15
024300063 19
024300065 28
024300068 35
024300080 10
024300082 30
024300093 31
024300099 22
024300118 22
024300131 19
024300132 23
024300135 26
024300189 19
024300221 14
024300270 14
024300330 18
024300345 20
024300360 21
024500006 17
024500021 34
024500033 19
024500095 22
024500126 13
024500139 13
024500141 19
024500147 22
024500151 18
024500156 15
024500164 15
024500228 23
024500250 20
024500268 24
024500284 27
024500317 17
024500327 14
024500333 14
024500350 19
024500363 24
026210005 20
026210047 31
026210096 17
026210123 26
026210132 21
026210135 14
026210136 16
026210141 19
026210157 25
026210177 18
026210185 18
026210203 22
026210213 15
026210220 25
026210231 12
026210242 16
026210262 19
026210287 24
026210299 20
026210302 13
027990028 25
027990046 14
027990056 29
027990059 18
027990066 24
027990153 13
027990156 30
027990160 19
027990162 28
027990167 17
027990201 20
027990232 18
027990242 16
027990247 23
027990264 26
027990309 13
027990328 24
027990330 23
027990341 23
027990358 27
029810020 18
029810027 29
029810135 22
029810139 18
029810147 15
029810158 16
029810200 15
029810204 17
029810216 13
029810221 22
029810234 28
029810235 28
029810243 16
029810283 17
029810294 20
029810301 15
029810315 20
029810349 18
029810350 32
029810360 10
030020008 13
030020012 15
030020022 11
030020047 15
030020048 16
030020065 11
030020077 10
030020092 15
030020100 16
030020112 10
030020117 13
030020126 22
030020136 14
030020138 11
030020144 14
