024270176 45488
024270178 45600
024270183 48912
024270197 59888
024270206 54240
024270245 56464
024270270 57808
024270292 48544
024270313 32800
024270336 39264
024300001 53824
024300052 75168
024300061 37072
024300063 48288
024300065 56704
024300068 100528
024300080 36320
024300082 87456
024300093 62512
024300099 67712
024300118 55968
024300131 49424
024300132 59536
024300135 68000
024300189 51984
024300221 50816
024300270 43616
024300330 54352
024300345 55456
024300360 56160
024500006 43392
024500021 74560
024500033 61280
024500095 67200
024500126 37616
024500139 49376
024500141 53856
024500147 51024
024500151 47840
024500156 49632
024500164 49952
024500228 57824
024500250 52672
024500268 71632
024500284 67264
024500317 55136
024500327 45344
024500333 44016
024500350 52640
024500363 53760
026210005 51136
026210047 62080
026210096 47200
026210123 54864
026210132 53712
026210135 46896
026210136 45008
026210141 49776
026210157 61344
026210177 55856
026210185 53584
026210203 49216
026210213 43216
026210220 56864
026210231 44512
026210242 50144
026210262 47808
026210287 52560
026210299 49504
026210302 37184
027990028 67040
027990046 40672
027990056 57760
027990059 45856
027990066 49152
027990153 37120
027990156 56480
027990160 46240
027990162 55840
027990167 53120
027990201 54816
027990232 46544
027990242 39584
027990247 55520
027990264 51664
027990309 37872
027990328 54096
027990330 52000
027990341 50240
027990358 54064
029810020 43120
029810027 65952
029810135 43840
029810139 46560
029810147 37440
029810158 39456
029810200 44960
029810204 43520
029810216 36800
029810221 48480
029810234 57920
029810235 71200
029810243 53328
029810283 38880
029810294 63360
029810301 40960
029810315 46400
029810349 61440
029810350 67520
029810360 39632
030020008 42720
030020012 63040
030020022 39040
030020047 40960
030020048 69664
030020065 42080
030020077 42592
030020092 51040
030020100 69600
030020112 31040
030020117 42400
030020126 68688
030020136 45760
030020138 34656
030020144 48000
