024270176 1
024270178 1
024270183 1
024270197 1
024270206 1
024270245 1
024270270 1
024270292 1
024270313 1
024270336 1
024300001 1
024300052 1
024300061 1
024300063 1
024300065 1
024300068 1
024300080 1
024300082 1
024300093 1
024300099 1
024300118 1
024300131 1
024300132 1
024300135 1
024300189 1
024300221 1
024300270 1
024300330 1
024300345 1
024300360 1
024500006 1
024500021 1
024500033 1
024500095 1
024500126 1
024500139 1
024500141 1
024500147 1
024500151 1
024500156 1
024500164 1
024500228 1
024500250 1
024500268 1
024500284 1
024500317 1
024500327 1
024500333 1
024500350 1
024500363 1
026210005 1
026210047 1
026210096 1
026210123 1
026210132 1
026210135 1
026210136 1
026210141 1
026210157 1
026210177 1
026210185 1
026210203 1
026210213 1
026210220 1
026210231 1
026210242 1
026210262 1
026210287 1
026210299 1
026210302 1
027990028 1
027990046 1
027990056 1
027990059 1
027990066 1
027990153 1
027990156 1
027990160 1
027990162 1
027990167 1
027990201 1
027990232 1
027990242 1
027990247 1
027990264 1
027990309 1
027990328 1
027990330 1
027990341 1
027990358 1
029810020 1
029810027 1
029810135 1
029810139 1
029810147 1
029810158 1
029810200 1
029810204 1
029810216 1
029810221 1
029810234 1
029810235 1
029810243 1
029810283 1
029810294 1
029810301 1
029810315 1
029810349 1
029810350 1
029810360 1
030020008 1
030020012 1
030020022 1
030020047 1
030020048 1
030020065 1
030020077 1
030020092 1
030020100 1
030020112 1
030020117 1
030020126 1
030020136 1
030020138 1
030020144 1
