024270176 6
024270178 6
024270183 7
024270197 7
024270206 5
024270245 8
024270270 8
024270292 7
024270313 5
024270336 5
024300001 9
024300052 9
024300061 5
024300063 7
024300065 8
024300068 9
024300080 4
024300082 9
024300093 9
024300099 6
024300118 7
024300131 7
024300132 5
024300135 9
024300189 6
024300221 5
024300270 6
024300330 6
024300345 9
024300360 6
024500006 6
024500021 10
024500033 5
024500095 9
024500126 5
024500139 6
024500141 7
024500147 7
024500151 5
024500156 6
024500164 6
024500228 9
024500250 8
024500268 10
024500284 9
024500317 7
024500327 6
024500333 5
024500350 5
024500363 7
026210005 7
026210047 10
026210096 6
026210123 8
026210132 7
026210135 5
026210136 6
026210141 6
026210157 8
026210177 7
026210185 5
026210203 7
026210213 6
026210220 9
026210231 5
026210242 7
026210262 6
026210287 8
026210299 9
026210302 5
027990028 8
027990046 5
027990056 8
027990059 6
027990066 7
027990153 5
027990156 9
027990160 8
027990162 9
027990167 6
027990201 8
027990232 8
027990242 5
027990247 7
027990264 8
027990309 5
027990328 8
027990330 6
027990341 7
027990358 9
029810020 6
029810027 10
029810135 7
029810139 5
029810147 5
029810158 6
029810200 5
029810204 5
029810216 6
029810221 6
029810234 6
029810235 8
029810243 8
029810283 5
029810294 6
029810301 6
029810315 6
029810349 8
029810350 9
029810360 5
030020008 6
030020012 6
030020022 4
030020047 5
030020048 7
030020065 4
030020077 4
030020092 6
030020100 8
030020112 4
030020117 4
030020126 7
030020136 5
030020138 4
030020144 5
