011970042 60160
011970075 73280
011970081 74880
011970087 89760
011970088 63360
011970092 73440
011970095 74880
011970107 131360
011970132 77440
011970141 91328
011970142 95616
011970145 117280
011970165 62928
011970173 44400
011970175 108160
012030007 48320
012030010 57344
012030013 46400
012030024 39200
012030027 55520
012030031 36000
012030032 42240
012030036 34240
012030043 46400
012030044 44320
012030053 50880
012030055 66720
012030058 47360
012030072 42080
012030078 32000
012030083 54960
012030093 40960
012030097 45760
012030116 62080
012030138 38768
012600017 96784
012600072 66560
012600082 84768
012600129 75200
012600131 69936
012600177 60480
012600186 66080
012600210 95648
012600219 58480
012600224 66416
012600251 42944
012600252 73136
012600263 58352
012600281 74560
012600295 48192
012600330 65984
012600338 47632
012600345 100000
012600357 95840
012600368 83088
013090018 46144
013090027 53616
013090041 51200
013090051 70880
013090076 47680
013090105 40720
013090128 70192
013090147 46496
013090148 37632
013090160 45920
013090179 53600
013090181 37760
013090184 37280
013090185 43520
013090202 44624
013090232 43520
013090267 54560
013090287 37136
013090339 39040
013090364 60320
013360001 81952
013360002 48000
013360016 67440
013360082 71792
013360123 46080
013360130 58944
013360140 45120
013360145 52960
013360146 41024
013360161 56800
013360162 51920
013360171 57088
013360226 50912
013360234 63200
013360235 41504
013360257 38720
013360263 44800
013360268 48800
013360360 49760
013360363 49600
013620027 64800
013620030 95360
013620106 89120
013620108 79040
013620128 48640
013620137 70096
013620140 76000
013620143 64480
013620146 53920
013620162 50880
013620175 73280
013620184 54560
013620185 80320
013620210 69600
013620241 46720
013620257 59520
013620258 41920
013620292 57600
013620361 49760
013620366 48320
013720023 44480
013720051 69600
013720070 60160
013720082 61120
013720140 56640
013720152 63520
013720153 54400
013720167 49120
013720182 53920
013720189 61280
