011970042 14
011970075 14
011970081 12
011970087 15
011970088 15
011970092 13
011970095 18
011970107 22
011970132 20
011970141 18
011970142 18
011970145 24
011970165 12
011970173 10
011970175 20
012030007 15
012030010 19
012030013 17
012030024 14
012030027 22
012030031 10
012030032 12
012030036 12
012030043 15
012030044 14
012030053 20
012030055 23
012030058 13
012030072 10
012030078 9
012030083 16
012030093 14
012030097 13
012030116 22
012030138 15
012600017 24
012600072 21
012600082 31
012600129 20
012600131 19
012600177 15
012600186 20
012600210 30
012600219 15
012600224 13
012600251 13
012600252 18
012600263 18
012600281 22
012600295 15
012600330 15
012600338 12
012600345 31
012600357 20
012600368 20
013090018 17
013090027 22
013090041 28
013090051 24
013090076 24
013090105 15
013090128 24
013090147 26
013090148 15
013090160 23
013090179 23
013090181 18
013090184 18
013090185 20
013090202 14
013090232 16
013090267 30
013090287 13
013090339 21
013090364 28
013360001 33
013360002 14
013360016 19
013360082 33
013360123 12
013360130 22
013360140 15
013360145 14
013360146 14
013360161 25
013360162 16
013360171 23
013360226 18
013360234 27
013360235 15
013360257 13
013360263 14
013360268 15
013360360 17
013360363 18
013620027 16
013620030 28
013620106 27
013620108 23
013620128 12
013620137 20
013620140 20
013620143 21
013620146 12
013620162 13
013620175 22
013620184 16
013620185 24
013620210 25
013620241 14
013620257 18
013620258 12
013620292 17
013620361 14
013620366 13
013720023 12
013720051 26
013720070 22
013720082 22
013720140 21
013720152 21
013720153 20
013720167 16
013720182 24
013720189 25
