011970042 1
011970075 1
011970081 1
011970087 1
011970088 1
011970092 1
011970095 1
011970107 1
011970132 1
011970141 1
011970142 1
011970145 1
011970165 1
011970173 1
011970175 1
012030007 1
012030010 1
012030013 1
012030024 1
012030027 1
012030031 1
012030032 1
012030036 1
012030043 1
012030044 1
012030053 1
012030055 1
012030058 1
012030072 1
012030078 1
012030083 1
012030093 1
012030097 1
012030116 1
012030138 1
012600017 1
012600072 1
012600082 1
012600129 1
012600131 1
012600177 1
012600186 1
012600210 1
012600219 1
012600224 1
012600251 1
012600252 1
012600263 1
012600281 1
012600295 1
012600330 1
012600338 1
012600345 1
012600357 1
012600368 1
013090018 1
013090027 1
013090041 1
013090051 1
013090076 1
013090105 1
013090128 1
013090147 1
013090148 1
013090160 1
013090179 1
013090181 1
013090184 1
013090185 1
013090202 1
013090232 1
013090267 1
013090287 1
013090339 1
013090364 1
013360001 1
013360002 1
013360016 1
013360082 1
013360123 1
013360130 1
013360140 1
013360145 1
013360146 1
013360161 1
013360162 1
013360171 1
013360226 1
013360234 1
013360235 1
013360257 1
013360263 1
013360268 1
013360360 1
013360363 1
013620027 1
013620030 1
013620106 1
013620108 1
013620128 1
013620137 1
013620140 1
013620143 1
013620146 1
013620162 1
013620175 1
013620184 1
013620185 1
013620210 1
013620241 1
013620257 1
013620258 1
013620292 1
013620361 1
013620366 1
013720023 1
013720051 1
013720070 1
013720082 1
013720140 1
013720152 1
013720153 1
013720167 1
013720182 1
013720189 1
