011970042 4
011970075 4
011970081 4
011970087 4
011970088 4
011970092 4
011970095 5
011970107 6
011970132 5
011970141 5
011970142 6
011970145 7
011970165 5
011970173 3
011970175 8
012030007 5
012030010 6
012030013 5
012030024 3
012030027 6
012030031 4
012030032 4
012030036 4
012030043 4
012030044 4
012030053 6
012030055 6
012030058 5
012030072 4
012030078 3
012030083 5
012030093 4
012030097 5
012030116 6
012030138 4
012600017 8
012600072 6
012600082 8
012600129 8
012600131 7
012600177 6
012600186 6
012600210 10
012600219 5
012600224 5
012600251 5
012600252 5
012600263 7
012600281 7
012600295 5
012600330 5
012600338 5
012600345 8
012600357 6
012600368 6
013090018 7
013090027 6
013090041 7
013090051 8
013090076 6
013090105 5
013090128 8
013090147 10
013090148 6
013090160 7
013090179 10
013090181 6
013090184 5
013090185 6
013090202 5
013090232 6
013090267 10
013090287 5
013090339 7
013090364 10
013360001 10
013360002 6
013360016 6
013360082 10
013360123 5
013360130 8
013360140 5
013360145 6
013360146 6
013360161 9
013360162 6
013360171 8
013360226 7
013360234 9
013360235 5
013360257 5
013360263 5
013360268 5
013360360 7
013360363 5
013620027 5
013620030 10
013620106 7
013620108 8
013620128 5
013620137 8
013620140 8
013620143 7
013620146 5
013620162 5
013620175 7
013620184 5
013620185 10
013620210 8
013620241 5
013620257 5
013620258 5
013620292 6
013620361 5
013620366 5
013720023 5
013720051 9
013720070 7
013720082 8
013720140 8
013720152 8
013720153 6
013720167 6
013720182 7
013720189 10
