030020152 39520
030020159 48800
030020161 49760
030020162 56640
030020172 43360
030200005 76432
030200011 46880
030200016 33120
030200018 36960
030200019 43360
030200021 80000
030200037 57920
030200041 32160
030200049 40160
030200057 40000
030200076 37856
030200078 75248
030200087 46240
030200101 66496
030200105 42240
030200108 50560
030200137 53456
030200151 38720
030200153 70560
030200164 59840
030210005 43680
030210032 51520
030210041 49760
030210042 81280
030210044 44480
030210045 38560
030210047 57600
030210050 37440
030210060 55200
030210074 50080
030210079 56320
030210082 42720
030210118 52960
030210123 38336
030210137 47040
030210143 56480
030210152 79040
030210164 59840
030210165 55840
030210175 46880
030230003 56848
030230018 43872
030230056 46752
030230060 80640
030230086 51440
030230092 67712
030230119 58880
030230170 57376
030230182 47264
030230194 55872
030230209 47168
030230253 44688
030230260 56096
030230276 45632
030230280 55088
030230311 46000
030230330 57520
030230336 46896
030230340 61344
030230374 47648
030460032 40016
030460038 67040
030460048 52320
030460051 39360
030460052 59344
030460071 47680
030460085 36960
030460097 88160
030460106 41712
030460110 48320
030460114 45120
030460126 35200
030460133 59040
030460142 67200
030460146 51040
030460147 76160
030460157 60528
030460158 40480
030460160 54560
030460163 38560
030490010 55392
030490013 43440
030490029 47904
030490040 58976
030490055 114080
030490062 49440
030490063 72528
030490071 68672
030490076 68496
030490078 53856
030490095 99200
030490126 38080
030490127 73120
030490130 36960
030490138 49120
030490140 44960
030490142 52384
030490166 101600
030490168 36640
030490170 41280
030680003 61280
030680005 62880
030680009 36800
030680016 54880
030680027 51680
030680034 36160
030680037 36800
030680045 53280
030680054 51360
030680056 53120
030680072 53728
030680075 48000
030680090 51360
030680092 48800
030680097 38560
030680105 40064
030680114 60640
030680119 44960
030680140 41120
030680162 73952
