030020152 10
030020159 12
030020161 14
030020162 20
030020172 13
030200005 27
030200011 15
030200016 11
030200018 14
030200019 16
030200021 22
030200037 16
030200041 14
030200049 10
030200057 14
030200076 10
030200078 22
030200087 15
030200101 14
030200105 15
030200108 16
030200137 15
030200151 13
030200153 22
030200164 18
030210005 15
030210032 13
030210041 17
030210042 18
030210044 13
030210045 9
030210047 16
030210050 11
030210060 19
030210074 13
030210079 19
030210082 13
030210118 14
030210123 11
030210137 12
030210143 15
030210152 28
030210164 22
030210165 15
030210175 14
030230003 22
030230018 18
030230056 17
030230060 38
030230086 17
030230092 31
030230119 27
030230170 22
030230182 17
030230194 20
030230209 17
030230253 17
030230260 28
030230276 19
030230280 21
030230311 14
030230330 24
030230336 18
030230340 25
030230374 21
030460032 12
030460038 24
030460048 19
030460051 14
030460052 16
030460071 15
030460085 9
030460097 25
030460106 9
030460110 14
030460114 15
030460126 11
030460133 17
030460142 21
030460146 20
030460147 24
030460157 19
030460158 15
030460160 18
030460163 11
030490010 22
030490013 16
030490029 11
030490040 21
030490055 23
030490062 12
030490063 15
030490071 17
030490076 16
030490078 15
030490095 22
030490126 12
030490127 22
030490130 11
030490138 17
030490140 16
030490142 13
030490166 20
030490168 9
030490170 17
030680003 20
030680005 16
030680009 13
030680016 18
030680027 15
030680034 9
030680037 12
030680045 17
030680054 18
030680056 12
030680072 13
030680075 17
030680090 16
030680092 14
030680097 11
030680105 10
030680114 16
030680119 13
030680140 7
030680162 19
