030020152 1
030020159 1
030020161 1
030020162 1
030020172 1
030200005 1
030200011 1
030200016 1
030200018 1
030200019 1
030200021 1
030200037 1
030200041 1
030200049 1
030200057 1
030200076 1
030200078 1
030200087 1
030200101 1
030200105 1
030200108 1
030200137 1
030200151 1
030200153 1
030200164 1
030210005 1
030210032 1
030210041 1
030210042 1
030210044 1
030210045 1
030210047 1
030210050 1
030210060 1
030210074 1
030210079 1
030210082 1
030210118 1
030210123 1
030210137 1
030210143 1
030210152 1
030210164 1
030210165 1
030210175 1
030230003 1
030230018 1
030230056 1
030230060 1
030230086 1
030230092 1
030230119 1
030230170 1
030230182 1
030230194 1
030230209 1
030230253 1
030230260 1
030230276 1
030230280 1
030230311 1
030230330 1
030230336 1
030230340 1
030230374 1
030460032 1
030460038 1
030460048 1
030460051 1
030460052 1
030460071 1
030460085 1
030460097 1
030460106 1
030460110 1
030460114 1
030460126 1
030460133 1
030460142 1
030460146 1
030460147 1
030460157 1
030460158 1
030460160 1
030460163 1
030490010 1
030490013 1
030490029 1
030490040 1
030490055 1
030490062 1
030490063 1
030490071 1
030490076 1
030490078 1
030490095 1
030490126 1
030490127 1
030490130 1
030490138 1
030490140 1
030490142 1
030490166 1
030490168 1
030490170 1
030680003 1
030680005 1
030680009 1
030680016 1
030680027 1
030680034 1
030680037 1
030680045 1
030680054 1
030680056 1
030680072 1
030680075 1
030680090 1
030680092 1
030680097 1
030680105 1
030680114 1
030680119 1
030680140 1
030680162 1
