030020152 5
030020159 6
030020161 5
030020162 7
030020172 5
030200005 10
030200011 4
030200016 4
030200018 4
030200019 6
030200021 10
030200037 6
030200041 5
030200049 5
030200057 5
030200076 4
030200078 8
030200087 5
030200101 6
030200105 5
030200108 5
030200137 6
030200151 5
030200153 9
030200164 8
030210005 5
030210032 5
030210041 6
030210042 8
030210044 4
030210045 4
030210047 6
030210050 4
030210060 7
030210074 5
030210079 8
030210082 4
030210118 6
030210123 4
030210137 4
030210143 6
030210152 10
030210164 6
030210165 6
030210175 6
030230003 7
030230018 7
030230056 6
030230060 10
030230086 6
030230092 8
030230119 9
030230170 8
030230182 5
030230194 8
030230209 6
030230253 7
030230260 8
030230276 8
030230280 8
030230311 6
030230330 9
030230336 6
030230340 8
030230374 7
030460032 4
030460038 10
030460048 5
030460051 5
030460052 7
030460071 5
030460085 4
030460097 10
030460106 5
030460110 5
030460114 6
030460126 4
030460133 6
030460142 8
030460146 7
030460147 9
030460157 6
030460158 5
030460160 6
030460163 5
030490010 6
030490013 5
030490029 5
030490040 7
030490055 9
030490062 5
030490063 6
030490071 6
030490076 5
030490078 6
030490095 7
030490126 5
030490127 7
030490130 4
030490138 6
030490140 6
030490142 5
030490166 7
030490168 4
030490170 5
030680003 7
030680005 8
030680009 5
030680016 7
030680027 6
030680034 4
030680037 4
030680045 6
030680054 6
030680056 5
030680072 5
030680075 4
030680090 7
030680092 4
030680097 4
030680105 4
030680114 5
030680119 5
030680140 4
030680162 5
