096300016 99248
096300017 64912
096300018 52832
096300019 54976
096300020 59040
096340004 112800
096340005 133248
096340006 100896
096340007 89584
096340008 116512
096340009 103376
096340010 105280
096340011 115392
096340012 163680
096340013 83152
096340014 123360
096340015 111488
096340016 112000
096340017 174848
096340018 140480
096340019 151584
096340020 186144
096340021 126272
096340022 150192
096340023 123840
096390001 45952
096390002 63440
096390003 41408
096390004 49568
096390005 62640
096390006 48288
096390007 52096
096390008 60176
096390009 45792
096390010 85136
096390011 38800
096390012 53200
096390013 66016
096390014 48960
096390015 52320
096390016 67632
096390017 63152
096390018 67584
096390019 48512
096390020 75936
096430002 91200
096430003 122352
096430004 143808
096430005 179104
096430006 209904
096430007 161248
096430008 152896
096430009 97056
096430010 151696
096430011 162160
096430012 122064
096430013 170016
096430014 128336
096430015 152800
096430016 141904
096430017 171616
096430018 129376
096430019 135488
096430020 146528
096430021 108320
096450001 52480
096450002 81360
096450003 120160
096450004 54432
096450005 98144
096450006 74224
096450007 92400
096450008 58544
096450010 106464
096450011 111008
096450012 87680
096450013 115632
096450014 118912
096450015 58896
096450016 108000
096450017 77408
096450018 67424
096450019 98528
096450020 112272
096450021 71360
096460002 118912
096460003 129376
096460004 102912
096460005 123168
096460006 165488
096460007 73632
096460008 66816
096460009 72048
096460010 41424
096460011 80368
096460012 97120
096460013 64400
096460014 82880
096460015 46432
096460016 80208
096460017 59760
096460018 46224
096460019 53952
096460020 79056
096460021 55168
096490001 102432
096490002 140448
096490003 119008
096490004 113616
096490005 160240
096490006 71968
096490007 130240
096490008 96800
096490009 97568
096490010 71024
096490011 125488
096490012 77744
096490013 63024
096490014 84416
096490015 93456
096490016 95360
096490017 60448
096490018 52272
096490019 74432
096490020 63440
