096300016 31
096300017 14
096300018 12
096300019 15
096300020 13
096340004 20
096340005 20
096340006 15
096340007 13
096340008 19
096340009 13
096340010 11
096340011 18
096340012 26
096340013 12
096340014 20
096340015 16
096340016 20
096340017 23
096340018 24
096340019 27
096340020 22
096340021 18
096340022 21
096340023 21
096390001 14
096390002 20
096390003 14
096390004 17
096390005 18
096390006 15
096390007 14
096390008 23
096390009 13
096390010 23
096390011 12
096390012 23
096390013 26
096390014 16
096390015 17
096390016 26
096390017 14
096390018 24
096390019 15
096390020 30
096430002 21
096430003 21
096430004 19
096430005 28
096430006 29
096430007 20
096430008 19
096430009 20
096430010 19
096430011 25
096430012 17
096430013 22
096430014 16
096430015 21
096430016 22
096430017 27
096430018 22
096430019 21
096430020 29
096430021 13
096450001 16
096450002 19
096450003 28
096450004 14
096450005 20
096450006 22
096450007 26
096450008 11
096450010 31
096450011 38
096450012 25
096450013 28
096450014 28
096450015 17
096450016 23
096450017 18
096450018 18
096450019 19
096450020 30
096450021 19
096460002 30
096460003 31
096460004 21
096460005 18
096460006 29
096460007 27
096460008 18
096460009 16
096460010 19
096460011 22
096460012 29
096460013 21
096460014 15
096460015 19
096460016 20
096460017 20
096460018 16
096460019 15
096460020 17
096460021 22
096490001 21
096490002 26
096490003 23
096490004 25
096490005 29
096490006 17
096490007 24
096490008 29
096490009 23
096490010 15
096490011 29
096490012 18
096490013 19
096490014 12
096490015 20
096490016 19
096490017 18
096490018 13
096490019 16
096490020 16
