096300016 1
096300017 1
096300018 1
096300019 1
096300020 1
096340004 1
096340005 1
096340006 1
096340007 1
096340008 1
096340009 1
096340010 1
096340011 1
096340012 1
096340013 1
096340014 1
096340015 1
096340016 1
096340017 1
096340018 1
096340019 1
096340020 1
096340021 1
096340022 1
096340023 1
096390001 1
096390002 1
096390003 1
096390004 1
096390005 1
096390006 1
096390007 1
096390008 1
096390009 1
096390010 1
096390011 1
096390012 1
096390013 1
096390014 1
096390015 1
096390016 1
096390017 1
096390018 1
096390019 1
096390020 1
096430002 1
096430003 1
096430004 1
096430005 1
096430006 1
096430007 1
096430008 1
096430009 1
096430010 1
096430011 1
096430012 1
096430013 1
096430014 1
096430015 1
096430016 1
096430017 1
096430018 1
096430019 1
096430020 1
096430021 1
096450001 1
096450002 1
096450003 1
096450004 1
096450005 1
096450006 1
096450007 1
096450008 1
096450010 1
096450011 1
096450012 1
096450013 1
096450014 1
096450015 1
096450016 1
096450017 1
096450018 1
096450019 1
096450020 1
096450021 1
096460002 1
096460003 1
096460004 1
096460005 1
096460006 1
096460007 1
096460008 1
096460009 1
096460010 1
096460011 1
096460012 1
096460013 1
096460014 1
096460015 1
096460016 1
096460017 1
096460018 1
096460019 1
096460020 1
096460021 1
096490001 1
096490002 1
096490003 1
096490004 1
096490005 1
096490006 1
096490007 1
096490008 1
096490009 1
096490010 1
096490011 1
096490012 1
096490013 1
096490014 1
096490015 1
096490016 1
096490017 1
096490018 1
096490019 1
096490020 1
