096300016 10
096300017 5
096300018 5
096300019 5
096300020 5
096340004 8
096340005 8
096340006 6
096340007 6
096340008 7
096340009 5
096340010 5
096340011 6
096340012 9
096340013 5
096340014 7
096340015 6
096340016 8
096340017 9
096340018 9
096340019 9
096340020 9
096340021 7
096340022 7
096340023 7
096390001 6
096390002 7
096390003 5
096390004 7
096390005 7
096390006 5
096390007 5
096390008 9
096390009 6
096390010 8
096390011 5
096390012 8
096390013 9
096390014 7
096390015 7
096390016 10
096390017 5
096390018 8
096390019 6
096390020 10
096430002 6
096430003 6
096430004 6
096430005 8
096430006 8
096430007 6
096430008 6
096430009 5
096430010 5
096430011 5
096430012 5
096430013 7
096430014 5
096430015 6
096430016 6
096430017 8
096430018 5
096430019 6
096430020 7
096430021 5
096450001 5
096450002 7
096450003 9
096450004 5
096450005 9
096450006 6
096450007 7
096450008 5
096450010 6
096450011 8
096450012 7
096450013 10
096450014 8
096450015 5
096450016 6
096450017 5
096450018 5
096450019 6
096450020 7
096450021 6
096460002 9
096460003 8
096460004 7
096460005 5
096460006 9
096460007 7
096460008 5
096460009 5
096460010 5
096460011 6
096460012 7
096460013 5
096460014 5
096460015 5
096460016 6
096460017 5
096460018 5
096460019 5
096460020 5
096460021 5
096490001 7
096490002 6
096490003 7
096490004 6
096490005 8
096490006 5
096490007 6
096490008 7
096490009 7
096490010 5
096490011 8
096490012 5
096490013 6
096490014 5
096490015 6
096490016 5
096490017 5
096490018 5
096490019 6
096490020 5
