040050107 26
040050110 14
040050125 19
040050142 22
040050180 34
040050183 12
040050203 14
040050205 18
040050255 14
040050264 14
040050271 17
040050281 21
040050295 17
040050306 14
040050358 17
051950005 18
051950011 20
051950018 28
051950025 13
051950032 15
051950033 32
051950038 16
051950044 14
051950050 15
051950051 16
051950067 26
051950075 22
051950086 15
051950088 14
051950096 19
051950138 17
051950154 18
051950163 14
051950164 21
051950170 27
052180017 14
052180027 9
052180028 22
052180037 18
052180041 18
052180042 23
052180046 10
052180068 15
052180084 10
052180090 9
052180093 24
052180098 17
052180104 30
052180112 31
052180117 17
052180124 29
052180137 23
052180143 24
052180146 18
052180160 20
054010004 26
054010009 23
054010014 11
054010032 15
054010046 13
054010051 13
054010055 12
054010061 12
054010072 10
054010079 26
054010091 20
054010095 19
054010105 15
054010107 21
054010123 12
054010130 11
054010136 25
054010148 12
054010155 11
054010165 21
054080004 20
054080008 18
054080011 14
054080019 15
054080021 16
054080033 16
054080035 27
054080042 20
054080065 15
054080081 31
054080109 25
054080123 12
054080138 17
054080150 17
054080151 21
054080154 21
054080163 25
054080165 22
054080167 24
054080174 22
054140003 13
054140010 23
054140015 10
054140019 11
054140021 16
054140039 11
054140051 14
054140057 14
054140077 30
054140098 19
054140104 14
054140106 10
054140113 12
054140115 15
054140118 19
054140119 11
054140122 15
054140127 19
054140154 14
054140158 22
054180014 15
054180015 12
054180021 24
054180022 25
054180029 18
054180033 14
054180059 14
054180063 13
054180075 10
054180076 22
