040050107 52960
040050110 41520
040050125 49152
040050142 49664
040050180 66080
040050183 40352
040050203 41536
040050205 50032
040050255 41616
040050264 40688
040050271 43264
040050281 49648
040050295 42656
040050306 44432
040050358 53392
051950005 50560
051950011 52000
051950018 65120
051950025 45440
051950032 44480
051950033 79360
051950038 52000
051950044 40960
051950050 49760
051950051 43680
051950067 62240
051950075 56480
051950086 48960
051950088 40480
051950096 51520
051950138 46240
051950154 48000
051950163 41120
051950164 51840
051950170 85920
052180017 40320
052180027 35520
052180028 50560
052180037 42400
052180041 53280
052180042 52160
052180046 32640
052180068 39520
052180084 34720
052180090 30400
052180093 55520
052180098 47360
052180104 65600
052180112 68480
052180117 40320
052180124 59680
052180137 51840
052180143 57600
052180146 45280
052180160 53760
054010004 83680
054010009 67840
054010014 45696
054010032 45600
054010046 59520
054010051 57680
054010055 46992
054010061 48000
054010072 49440
054010079 105696
054010091 52960
054010095 61840
054010105 54752
054010107 69760
054010123 59232
054010130 44448
054010136 78320
054010148 43120
054010155 40800
054010165 61664
054080004 59920
054080008 43360
054080011 45920
054080019 52000
054080021 59648
054080033 44800
054080035 62400
054080042 62880
054080065 51520
054080081 71968
054080109 63168
054080123 40800
054080138 55264
054080150 53440
054080151 56208
054080154 61440
054080163 57120
054080165 55040
054080167 57600
054080174 61440
054140003 38528
054140010 69760
054140015 36176
054140019 43840
054140021 51680
054140039 37280
054140051 55680
054140057 39424
054140077 77920
054140098 47840
054140104 40960
054140106 40960
054140113 40800
054140115 42720
054140118 55200
054140119 37120
054140122 77600
054140127 60960
054140154 47984
054140158 54752
054180014 34688
054180015 37920
054180021 49600
054180022 50336
054180029 42736
054180033 53440
054180059 33152
054180063 38176
054180075 33632
054180076 45120
