040050107 1
040050110 1
040050125 1
040050142 1
040050180 1
040050183 1
040050203 1
040050205 1
040050255 1
040050264 1
040050271 1
040050281 1
040050295 1
040050306 1
040050358 1
051950005 1
051950011 1
051950018 1
051950025 1
051950032 1
051950033 1
051950038 1
051950044 1
051950050 1
051950051 1
051950067 1
051950075 1
051950086 1
051950088 1
051950096 1
051950138 1
051950154 1
051950163 1
051950164 1
051950170 1
052180017 1
052180027 1
052180028 1
052180037 1
052180041 1
052180042 1
052180046 1
052180068 1
052180084 1
052180090 1
052180093 1
052180098 1
052180104 1
052180112 1
052180117 1
052180124 1
052180137 1
052180143 1
052180146 1
052180160 1
054010004 1
054010009 1
054010014 1
054010032 1
054010046 1
054010051 1
054010055 1
054010061 1
054010072 1
054010079 1
054010091 1
054010095 1
054010105 1
054010107 1
054010123 1
054010130 1
054010136 1
054010148 1
054010155 1
054010165 1
054080004 1
054080008 1
054080011 1
054080019 1
054080021 1
054080033 1
054080035 1
054080042 1
054080065 1
054080081 1
054080109 1
054080123 1
054080138 1
054080150 1
054080151 1
054080154 1
054080163 1
054080165 1
054080167 1
054080174 1
054140003 1
054140010 1
054140015 1
054140019 1
054140021 1
054140039 1
054140051 1
054140057 1
054140077 1
054140098 1
054140104 1
054140106 1
054140113 1
054140115 1
054140118 1
054140119 1
054140122 1
054140127 1
054140154 1
054140158 1
054180014 1
054180015 1
054180021 1
054180022 1
054180029 1
054180033 1
054180059 1
054180063 1
054180075 1
054180076 1
