040050107 6
040050110 5
040050125 6
040050142 7
040050180 10
040050183 5
040050203 6
040050205 7
040050255 6
040050264 5
040050271 7
040050281 8
040050295 7
040050306 5
040050358 6
051950005 7
051950011 8
051950018 9
051950025 5
051950032 5
051950033 10
051950038 6
051950044 5
051950050 5
051950051 5
051950067 10
051950075 8
051950086 5
051950088 4
051950096 6
051950138 7
051950154 6
051950163 5
051950164 6
051950170 9
052180017 6
052180027 5
052180028 8
052180037 5
052180041 8
052180042 7
052180046 4
052180068 6
052180084 4
052180090 4
052180093 9
052180098 8
052180104 10
052180112 9
052180117 4
052180124 8
052180137 8
052180143 8
052180146 7
052180160 6
054010004 9
054010009 5
054010014 4
054010032 4
054010046 5
054010051 5
054010055 4
054010061 4
054010072 4
054010079 9
054010091 5
054010095 5
054010105 5
054010107 7
054010123 4
054010130 4
054010136 8
054010148 4
054010155 4
054010165 6
054080004 7
054080008 5
054080011 5
054080019 7
054080021 6
054080033 5
054080035 9
054080042 8
054080065 5
054080081 10
054080109 9
054080123 5
054080138 6
054080150 6
054080151 6
054080154 7
054080163 7
054080165 7
054080167 7
054080174 8
054140003 5
054140010 9
054140015 4
054140019 5
054140021 6
054140039 4
054140051 6
054140057 6
054140077 10
054140098 6
054140104 5
054140106 4
054140113 4
054140115 6
054140118 7
054140119 5
054140122 6
054140127 8
054140154 5
054140158 7
054180014 5
054180015 4
054180021 8
054180022 7
054180029 5
054180033 4
054180059 4
054180063 4
054180075 4
054180076 8
