000530037 49920
000530054 42880
000530055 51040
000530060 59360
000530063 53280
000530076 72576
000530077 61280
000530094 62240
000530109 52960
000530112 66608
000530115 65280
000530145 81120
000530154 55200
000530163 56960
000530174 51840
000540001 45104
000540004 51616
000540014 49568
000540018 63024
000540031 62080
000540054 50400
000540055 46848
000540058 60800
000540062 58720
000540072 55040
000540077 57600
000540088 44528
000540106 50960
000540111 46592
000540117 49920
000540123 51040
000540127 41200
000540130 42976
000540156 41312
000540163 40320
000560016 70384
000560017 72016
000560026 42560
000560030 58896
000560033 51696
000560038 46080
000560058 81648
000560068 67408
000560074 66720
000560075 62080
000560084 60320
000560086 70400
000560088 37760
000560116 99744
000560117 171472
000560134 75648
000560154 87360
000560159 37600
000560162 79840
000560172 81824
000700008 65920
000700010 51040
000700012 48160
000700015 63200
000700019 56160
000700034 55040
000700037 54096
000700046 57632
000700048 57552
000700053 54720
000700063 62080
000700065 117920
000700082 64480
000700109 59520
000700120 72320
000700123 78720
000700130 73840
000700151 53584
000700156 47520
000700174 44896
000750005 40000
000750015 50240
000750020 60656
000750024 47888
000750026 52304
000750029 48944
000750045 41776
000750068 50512
000750080 42080
000750082 44480
000750085 43728
000750091 53616
000750101 38480
000750106 50080
000750108 39344
000750123 46832
000750128 47280
000750134 45392
000750140 46432
000750149 70608
001030008 52560
001030013 45888
001030032 59328
001030048 43440
001030053 43680
001030054 40720
001030060 60896
001030061 45456
001030065 49744
001030077 61760
001030078 67728
001030090 41600
001030099 52672
001030102 48832
001030103 51200
001030121 51296
001030136 47680
001030143 49600
001030144 55040
001030155 38720
001040022 52480
001040026 51952
001040038 67504
001040050 70080
001040062 51360
001040067 80000
001040069 60160
001040071 50352
001040073 65440
001040100 62080
