000530037 9
000530054 9
000530055 15
000530060 16
000530063 12
000530076 21
000530077 13
000530094 15
000530109 14
000530112 18
000530115 17
000530145 25
000530154 11
000530163 16
000530174 12
000540001 10
000540004 10
000540014 14
000540018 18
000540031 12
000540054 12
000540055 12
000540058 23
000540062 14
000540072 15
000540077 14
000540088 13
000540106 17
000540111 14
000540117 16
000540123 20
000540127 16
000540130 12
000540156 10
000540163 11
000560016 19
000560017 17
000560026 12
000560030 10
000560033 13
000560038 9
000560058 14
000560068 11
000560074 11
000560075 15
000560084 14
000560086 14
000560088 8
000560116 19
000560117 25
000560134 22
000560154 13
000560159 7
000560162 14
000560172 12
000700008 16
000700010 13
000700012 12
000700015 17
000700019 17
000700034 12
000700037 12
000700046 12
000700048 10
000700053 12
000700063 14
000700065 15
000700082 10
000700109 14
000700120 18
000700123 23
000700130 13
000700151 13
000700156 7
000700174 9
000750005 11
000750015 15
000750020 24
000750024 13
000750026 14
000750029 15
000750045 12
000750068 13
000750080 13
000750082 14
000750085 12
000750091 18
000750101 12
000750106 14
000750108 11
000750123 17
000750128 12
000750134 9
000750140 13
000750149 18
001030008 17
001030013 15
001030032 13
001030048 10
001030053 9
001030054 9
001030060 15
001030061 12
001030065 11
001030077 16
001030078 16
001030090 11
001030099 18
001030102 16
001030103 17
001030121 16
001030136 17
001030143 16
001030144 20
001030155 10
001040022 14
001040026 14
001040038 12
001040050 12
001040062 11
001040067 16
001040069 14
001040071 13
001040073 16
001040100 18
