000530037 1
000530054 1
000530055 1
000530060 1
000530063 1
000530076 1
000530077 1
000530094 1
000530109 1
000530112 1
000530115 1
000530145 1
000530154 1
000530163 1
000530174 1
000540001 1
000540004 1
000540014 1
000540018 1
000540031 1
000540054 1
000540055 1
000540058 1
000540062 1
000540072 1
000540077 1
000540088 1
000540106 1
000540111 1
000540117 1
000540123 1
000540127 1
000540130 1
000540156 1
000540163 1
000560016 1
000560017 1
000560026 1
000560030 1
000560033 1
000560038 1
000560058 1
000560068 1
000560074 1
000560075 1
000560084 1
000560086 1
000560088 1
000560116 1
000560117 1
000560134 1
000560154 1
000560159 1
000560162 1
000560172 1
000700008 1
000700010 1
000700012 1
000700015 1
000700019 1
000700034 1
000700037 1
000700046 1
000700048 1
000700053 1
000700063 1
000700065 1
000700082 1
000700109 1
000700120 1
000700123 1
000700130 1
000700151 1
000700156 1
000700174 1
000750005 1
000750015 1
000750020 1
000750024 1
000750026 1
000750029 1
000750045 1
000750068 1
000750080 1
000750082 1
000750085 1
000750091 1
000750101 1
000750106 1
000750108 1
000750123 1
000750128 1
000750134 1
000750140 1
000750149 1
001030008 1
001030013 1
001030032 1
001030048 1
001030053 1
001030054 1
001030060 1
001030061 1
001030065 1
001030077 1
001030078 1
001030090 1
001030099 1
001030102 1
001030103 1
001030121 1
001030136 1
001030143 1
001030144 1
001030155 1
001040022 1
001040026 1
001040038 1
001040050 1
001040062 1
001040067 1
001040069 1
001040071 1
001040073 1
001040100 1
