000530037 4
000530054 3
000530055 3
000530060 4
000530063 3
000530076 5
000530077 5
000530094 5
000530109 5
000530112 5
000530115 6
000530145 7
000530154 5
000530163 5
000530174 4
000540001 3
000540004 3
000540014 5
000540018 6
000540031 4
000540054 4
000540055 3
000540058 5
000540062 3
000540072 5
000540077 5
000540088 4
000540106 6
000540111 5
000540117 5
000540123 6
000540127 5
000540130 3
000540156 4
000540163 5
000560016 6
000560017 6
000560026 4
000560030 4
000560033 4
000560038 3
000560058 4
000560068 3
000560074 4
000560075 5
000560084 4
000560086 5
000560088 3
000560116 7
000560117 8
000560134 5
000560154 5
000560159 3
000560162 5
000560172 4
000700008 5
000700010 3
000700012 4
000700015 6
000700019 5
000700034 4
000700037 4
000700046 4
000700048 4
000700053 4
000700063 3
000700065 3
000700082 3
000700109 5
000700120 5
000700123 5
000700130 4
000700151 4
000700156 2
000700174 3
000750005 3
000750015 6
000750020 5
000750024 3
000750026 4
000750029 4
000750045 4
000750068 3
000750080 5
000750082 3
000750085 4
000750091 5
000750101 4
000750106 5
000750108 4
000750123 5
000750128 4
000750134 3
000750140 4
000750149 6
001030008 5
001030013 5
001030032 4
001030048 3
001030053 3
001030054 3
001030060 5
001030061 3
001030065 3
001030077 6
001030078 5
001030090 3
001030099 5
001030102 5
001030103 5
001030121 5
001030136 6
001030143 6
001030144 6
001030155 4
001040022 4
001040026 4
001040038 4
001040050 4
001040062 3
001040067 5
001040069 4
001040071 3
001040073 4
001040100 5
