030830001 50560
030830004 37280
030830013 78640
030830021 93520
030830030 37920
030830033 68480
030830043 47200
030830069 64128
030830074 40160
030830093 62192
030830094 41280
030830102 47360
030830116 62240
030830118 63856
030830124 85600
030830129 50304
030830135 46080
030830147 44864
030830154 33760
030830169 38352
030880003 48944
030880015 39328
030880018 50080
030880019 44480
030880025 65520
030880041 85648
030880049 45600
030880057 48384
030880058 52960
030880067 56960
030880086 40320
030880092 40560
030880096 44480
030880099 51520
030880105 32080
030880123 45392
030880131 40032
030880146 46560
030880172 39168
030880173 47632
032080019 34880
032080038 42560
032080043 45920
032080056 38080
032080058 41280
032080071 50064
032080078 52320
032080079 54240
032080083 67520
032080088 53440
032080092 71520
032080093 48000
032080099 39520
032080103 44960
032080110 54880
032080119 75360
032080132 44960
032080145 57280
032080150 37120
032080161 47840
034230011 51232
034230034 50880
034230035 41120
034230043 48320
034230051 82240
034230058 53280
034230063 62720
034230072 46720
034230079 48480
034230081 48640
034230083 48400
034230085 48480
034230108 53280
034230112 53760
034230115 60160
034230123 72480
034230141 84800
034230154 54880
034230164 61760
034230168 53216
036360016 63584
036360027 49760
036360029 76800
036360032 60320
036360033 69648
036360034 52160
036360044 93024
036360055 51184
036360061 60640
036360062 54400
036360071 104496
036360106 104480
036360111 111824
036360114 57808
036360142 65808
036360151 66176
036360154 48800
036360160 51840
036360167 75648
036360174 46800
038370004 69120
038370013 56320
038370019 56656
038370045 71040
038370052 54080
038370056 59360
038370060 41760
038370061 50560
038370068 64480
038370070 57280
038370081 49440
038370097 40000
038370105 40800
038370107 48000
038370128 54400
038370142 61280
038370153 104000
038370160 41280
038370167 68960
038370170 54720
040050015 55696
040050041 77968
040050060 58304
040050071 45536
040050094 47696
