030830001 20
030830004 9
030830013 27
030830021 21
030830030 10
030830033 22
030830043 11
030830069 13
030830074 14
030830093 13
030830094 11
030830102 16
030830116 13
030830118 23
030830124 26
030830129 15
030830135 10
030830147 14
030830154 12
030830169 11
030880003 14
030880015 10
030880018 15
030880019 12
030880025 18
030880041 29
030880049 19
030880057 16
030880058 14
030880067 16
030880086 11
030880092 10
030880096 16
030880099 14
030880105 9
030880123 12
030880131 17
030880146 11
030880172 10
030880173 12
032080019 9
032080038 15
032080043 14
032080056 8
032080058 10
032080071 15
032080078 18
032080079 23
032080083 22
032080088 13
032080092 20
032080093 19
032080099 11
032080103 13
032080110 17
032080119 23
032080132 14
032080145 19
032080150 15
032080161 13
034230011 11
034230034 14
034230035 11
034230043 14
034230051 23
034230058 14
034230063 20
034230072 11
034230079 12
034230081 11
034230083 10
034230085 12
034230108 15
034230112 14
034230115 15
034230123 16
034230141 25
034230154 15
034230164 18
034230168 11
036360016 12
036360027 9
036360029 17
036360032 16
036360033 17
036360034 9
036360044 27
036360055 12
036360061 16
036360062 14
036360071 22
036360106 19
036360111 28
036360114 11
036360142 19
036360151 17
036360154 12
036360160 16
036360167 17
036360174 11
038370004 21
038370013 14
038370019 18
038370045 12
038370052 11
038370056 15
038370060 12
038370061 17
038370068 19
038370070 12
038370081 10
038370097 11
038370105 10
038370107 14
038370128 14
038370142 20
038370153 23
038370160 10
038370167 20
038370170 12
040050015 21
040050041 39
040050060 29
040050071 20
040050094 20
