030830001 1
030830004 1
030830013 1
030830021 1
030830030 1
030830033 1
030830043 1
030830069 1
030830074 1
030830093 1
030830094 1
030830102 1
030830116 1
030830118 1
030830124 1
030830129 1
030830135 1
030830147 1
030830154 1
030830169 1
030880003 1
030880015 1
030880018 1
030880019 1
030880025 1
030880041 1
030880049 1
030880057 1
030880058 1
030880067 1
030880086 1
030880092 1
030880096 1
030880099 1
030880105 1
030880123 1
030880131 1
030880146 1
030880172 1
030880173 1
032080019 1
032080038 1
032080043 1
032080056 1
032080058 1
032080071 1
032080078 1
032080079 1
032080083 1
032080088 1
032080092 1
032080093 1
032080099 1
032080103 1
032080110 1
032080119 1
032080132 1
032080145 1
032080150 1
032080161 1
034230011 1
034230034 1
034230035 1
034230043 1
034230051 1
034230058 1
034230063 1
034230072 1
034230079 1
034230081 1
034230083 1
034230085 1
034230108 1
034230112 1
034230115 1
034230123 1
034230141 1
034230154 1
034230164 1
034230168 1
036360016 1
036360027 1
036360029 1
036360032 1
036360033 1
036360034 1
036360044 1
036360055 1
036360061 1
036360062 1
036360071 1
036360106 1
036360111 1
036360114 1
036360142 1
036360151 1
036360154 1
036360160 1
036360167 1
036360174 1
038370004 1
038370013 1
038370019 1
038370045 1
038370052 1
038370056 1
038370060 1
038370061 1
038370068 1
038370070 1
038370081 1
038370097 1
038370105 1
038370107 1
038370128 1
038370142 1
038370153 1
038370160 1
038370167 1
038370170 1
040050015 1
040050041 1
040050060 1
040050071 1
040050094 1
