030830001 8
030830004 4
030830013 9
030830021 8
030830030 4
030830033 8
030830043 5
030830069 6
030830074 5
030830093 5
030830094 5
030830102 6
030830116 6
030830118 8
030830124 10
030830129 6
030830135 4
030830147 4
030830154 4
030830169 4
030880003 5
030880015 4
030880018 6
030880019 5
030880025 7
030880041 10
030880049 4
030880057 5
030880058 7
030880067 7
030880086 5
030880092 4
030880096 5
030880099 5
030880105 4
030880123 5
030880131 4
030880146 4
030880172 5
030880173 4
032080019 4
032080038 6
032080043 5
032080056 4
032080058 4
032080071 5
032080078 7
032080079 9
032080083 7
032080088 4
032080092 8
032080093 6
032080099 4
032080103 5
032080110 7
032080119 8
032080132 5
032080145 7
032080150 5
032080161 5
034230011 4
034230034 4
034230035 4
034230043 5
034230051 8
034230058 6
034230063 7
034230072 4
034230079 4
034230081 4
034230083 4
034230085 5
034230108 6
034230112 6
034230115 6
034230123 7
034230141 9
034230154 6
034230164 7
034230168 5
036360016 5
036360027 5
036360029 7
036360032 5
036360033 7
036360034 4
036360044 10
036360055 5
036360061 6
036360062 6
036360071 9
036360106 7
036360111 10
036360114 4
036360142 7
036360151 7
036360154 5
036360160 6
036360167 7
036360174 4
038370004 8
038370013 6
038370019 6
038370045 5
038370052 4
038370056 5
038370060 4
038370061 4
038370068 8
038370070 5
038370081 5
038370097 4
038370105 4
038370107 5
038370128 6
038370142 6
038370153 9
038370160 4
038370167 8
038370170 4
040050015 7
040050041 10
040050060 7
040050071 5
040050094 7
