001040104 12
001040106 14
001040108 15
001040115 18
001040120 18
001040122 17
001040134 16
001040136 15
001040149 27
001040173 8
001310020 17
001310022 14
001310023 14
001310061 14
001310062 11
001310076 18
001310078 16
001310081 13
001310096 17
001310122 19
001310123 25
001310129 13
001310144 9
001310148 2
001310152 12
001310154 11
001310155 6
001310162 6
001310165 14
001310168 9
001350002 16
001350091 31
001350119 21
001350124 27
001350134 9
001350163 18
001350174 22
001350180 27
001350194 25
001350216 15
001350219 24
001350243 15
001350285 23
001350312 20
001350317 26
001350318 21
001350343 19
001350350 12
001350356 16
001350375 19
001450037 10
001450043 11
001450049 20
001450051 18
001450063 11
001450070 13
001450083 19
001450090 19
001450094 17
001450098 19
001450109 12
001450116 19
001450140 9
001450142 4
001450146 9
001450159 13
001450170 14
001450171 18
001450172 15
001450173 4
004820005 22
004820015 24
004820041 32
004820045 13
004820055 19
004820114 29
004820119 24
004820144 22
004820201 25
004820214 19
004820220 14
004820239 17
004820258 20
004820265 25
004820268 16
004820329 22
004820353 23
004820370 17
004820371 22
004820378 31
005600015 22
005600060 17
005600065 18
005600129 24
005600145 15
005600146 12
005600153 12
005600154 32
005600180 12
005600199 14
005600205 26
005600212 22
005600214 16
005600268 18
005600294 11
005600296 22
005600298 11
005600318 23
005600365 18
005600370 21
005750059 30
005750067 23
005750089 32
005750099 30
005750150 22
005750168 18
005750178 13
005750179 17
005750237 23
005750249 19
005750268 19
005750270 23
005750290 16
005750297 24
005750298 12
