001040104 44640
001040106 61888
001040108 59200
001040115 66096
001040120 62288
001040122 67872
001040134 51616
001040136 63360
001040149 114544
001040173 56192
001310020 61584
001310022 63232
001310023 56128
001310061 64896
001310062 51184
001310076 82704
001310078 75616
001310081 48800
001310096 57040
001310122 79696
001310123 74480
001310129 55712
001310144 36032
001310148 32768
001310152 54336
001310154 54864
001310155 33456
001310162 38464
001310165 50144
001310168 41120
001350002 47568
001350091 76480
001350119 54240
001350124 71712
001350134 36960
001350163 46400
001350174 53120
001350180 72816
001350194 64144
001350216 44768
001350219 54080
001350243 43088
001350285 49760
001350312 49440
001350317 60944
001350318 63680
001350343 52416
001350350 50768
001350356 52000
001350375 50720
001450037 75360
001450043 59680
001450049 67680
001450051 127968
001450063 56640
001450070 76016
001450083 76960
001450090 85280
001450094 103680
001450098 93600
001450109 98560
001450116 162880
001450140 58880
001450142 34208
001450146 45600
001450159 81760
001450170 71360
001450171 83840
001450172 65440
001450173 33120
004820005 55744
004820015 69920
004820041 78848
004820045 35040
004820055 53120
004820114 75344
004820119 56112
004820144 57376
004820201 65696
004820214 50528
004820220 40832
004820239 50400
004820258 53360
004820265 62400
004820268 57600
004820329 53920
004820353 71520
004820370 59520
004820371 57760
004820378 70080
005600015 66032
005600060 58880
005600065 65344
005600129 91040
005600145 40000
005600146 47328
005600153 45200
005600154 96768
005600180 47792
005600199 51328
005600205 87360
005600212 75248
005600214 58752
005600268 61088
005600294 41008
005600296 61600
005600298 55248
005600318 74016
005600365 53824
005600370 75952
005750059 72800
005750067 62560
005750089 74880
005750099 72960
005750150 56480
005750168 46672
005750178 44160
005750179 50240
005750237 51840
005750249 54720
005750268 51360
005750270 63840
005750290 40160
005750297 58880
005750298 46240
