001040104 1
001040106 1
001040108 1
001040115 1
001040120 1
001040122 1
001040134 1
001040136 1
001040149 1
001040173 1
001310020 1
001310022 1
001310023 1
001310061 1
001310062 1
001310076 1
001310078 1
001310081 1
001310096 1
001310122 1
001310123 1
001310129 1
001310144 1
001310148 1
001310152 1
001310154 1
001310155 1
001310162 1
001310165 1
001310168 1
001350002 1
001350091 1
001350119 1
001350124 1
001350134 1
001350163 1
001350174 1
001350180 1
001350194 1
001350216 1
001350219 1
001350243 1
001350285 1
001350312 1
001350317 1
001350318 1
001350343 1
001350350 1
001350356 1
001350375 1
001450037 1
001450043 1
001450049 1
001450051 1
001450063 1
001450070 1
001450083 1
001450090 1
001450094 1
001450098 1
001450109 1
001450116 1
001450140 1
001450142 1
001450146 1
001450159 1
001450170 1
001450171 1
001450172 1
001450173 1
004820005 1
004820015 1
004820041 1
004820045 1
004820055 1
004820114 1
004820119 1
004820144 1
004820201 1
004820214 1
004820220 1
004820239 1
004820258 1
004820265 1
004820268 1
004820329 1
004820353 1
004820370 1
004820371 1
004820378 1
005600015 1
005600060 1
005600065 1
005600129 1
005600145 1
005600146 1
005600153 1
005600154 1
005600180 1
005600199 1
005600205 1
005600212 1
005600214 1
005600268 1
005600294 1
005600296 1
005600298 1
005600318 1
005600365 1
005600370 1
005750059 1
005750067 1
005750089 1
005750099 1
005750150 1
005750168 1
005750178 1
005750179 1
005750237 1
005750249 1
005750268 1
005750270 1
005750290 1
005750297 1
005750298 1
