001040104 4
001040106 5
001040108 5
001040115 5
001040120 5
001040122 6
001040134 4
001040136 6
001040149 9
001040173 4
001310020 3
001310022 3
001310023 4
001310061 5
001310062 3
001310076 6
001310078 5
001310081 4
001310096 7
001310122 6
001310123 7
001310129 5
001310144 2
001310148 1
001310152 5
001310154 5
001310155 2
001310162 2
001310165 5
001310168 3
001350002 6
001350091 9
001350119 7
001350124 10
001350134 5
001350163 6
001350174 7
001350180 10
001350194 10
001350216 6
001350219 8
001350243 6
001350285 6
001350312 7
001350317 6
001350318 8
001350343 7
001350350 5
001350356 6
001350375 7
001450037 4
001450043 4
001450049 6
001450051 4
001450063 3
001450070 4
001450083 5
001450090 7
001450094 6
001450098 7
001450109 3
001450116 7
001450140 3
001450142 1
001450146 4
001450159 5
001450170 4
001450171 5
001450172 4
001450173 1
004820005 8
004820015 9
004820041 9
004820045 5
004820055 5
004820114 10
004820119 6
004820144 6
004820201 9
004820214 5
004820220 5
004820239 5
004820258 5
004820265 10
004820268 7
004820329 6
004820353 8
004820370 7
004820371 8
004820378 8
005600015 8
005600060 5
005600065 8
005600129 10
005600145 5
005600146 5
005600153 4
005600154 10
005600180 5
005600199 5
005600205 9
005600212 7
005600214 5
005600268 7
005600294 5
005600296 7
005600298 5
005600318 10
005600365 6
005600370 7
005750059 9
005750067 5
005750089 10
005750099 9
005750150 9
005750168 6
005750178 5
005750179 6
005750237 6
005750249 7
005750268 7
005750270 9
005750290 5
005750297 8
005750298 5
