013720198 52960
013720199 53280
013720201 50080
013720215 39504
013720233 47360
013720256 53440
013720274 61600
013720275 52320
013720311 48320
013720360 56160
014070040 67216
014070080 52800
014070092 60416
014070101 78384
014070159 54080
014070207 61312
014070217 38000
014070239 66240
014070248 56608
014070265 73072
014070270 42512
014070281 63808
014070297 86352
014070304 67600
014070308 80944
014070336 67200
014070341 106000
014070343 75120
014070349 75952
014070358 58656
014180002 74336
014180008 63840
014180011 56960
014180013 57760
014180044 61760
014180051 59680
014180063 51520
014180077 51936
014180084 68000
014180088 55040
014180100 49760
014180131 79440
014180139 72160
014180143 105920
014180150 52752
014180155 38400
014180158 40000
014180160 53920
014180165 44960
014180166 43040
014190006 52960
014190025 89504
014190027 60960
014190030 48480
014190055 58080
014190059 56816
014190060 49136
014190062 47520
014190064 64624
014190071 34560
014190073 61760
014190081 49760
014190088 55520
014190095 55680
014190098 54080
014190107 69280
014190108 73760
014190114 48640
014190128 47680
014190172 42656
014350004 68592
014350012 56400
014350016 63040
014350017 71840
014350018 55200
014350020 51760
014350022 48160
014350028 46640
014350085 78240
014350094 56512
014350103 50560
014350110 50400
014350127 48944
014350133 67120
014350146 92160
014350153 42128
014350157 29440
014350158 36704
014350163 31040
014350165 55520
014390008 76000
014390009 86560
014390045 61280
014390051 91168
014390052 101328
014390057 73760
014390064 70560
014390068 88480
014390076 85280
014390086 91680
014390090 59200
014390117 94880
014390124 89280
014390133 89600
014390134 93760
014390135 138400
014390143 80480
014390154 86080
014390156 93440
014390163 77760
014470007 68960
014470017 53920
014470026 55040
014470028 56784
014470031 43840
014470038 70080
014470039 53920
014470048 46240
014470053 47520
014470060 37600
014470063 59680
014470072 53600
014470084 72480
014470100 54400
014470109 69440
