013720198 18
013720199 20
013720201 20
013720215 13
013720233 16
013720256 19
013720274 27
013720275 20
013720311 20
013720360 20
014070040 24
014070080 19
014070092 24
014070101 24
014070159 12
014070207 23
014070217 13
014070239 19
014070248 14
014070265 17
014070270 16
014070281 25
014070297 30
014070304 24
014070308 28
014070336 25
014070341 40
014070343 23
014070349 30
014070358 22
014180002 24
014180008 17
014180011 12
014180013 13
014180044 12
014180051 16
014180063 11
014180077 13
014180084 19
014180088 12
014180100 15
014180131 19
014180139 22
014180143 23
014180150 15
014180155 10
014180158 9
014180160 9
014180165 12
014180166 11
014190006 17
014190025 22
014190027 16
014190030 12
014190055 19
014190059 13
014190060 10
014190062 12
014190064 17
014190071 7
014190073 14
014190081 13
014190088 20
014190095 15
014190098 20
014190107 21
014190108 19
014190114 16
014190128 11
014190172 10
014350004 19
014350012 18
014350016 19
014350017 19
014350018 18
014350020 16
014350022 18
014350028 11
014350085 22
014350094 19
014350103 14
014350110 19
014350127 19
014350133 14
014350146 27
014350153 10
014350157 9
014350158 12
014350163 10
014350165 14
014390008 16
014390009 20
014390045 13
014390051 26
014390052 24
014390057 17
014390064 14
014390068 19
014390076 13
014390086 19
014390090 15
014390117 23
014390124 15
014390133 23
014390134 23
014390135 21
014390143 22
014390154 11
014390156 14
014390163 14
014470007 17
014470017 18
014470026 13
014470028 13
014470031 7
014470038 10
014470039 12
014470048 13
014470053 13
014470060 9
014470063 14
014470072 13
014470084 18
014470100 17
014470109 21
