013720198 1
013720199 1
013720201 1
013720215 1
013720233 1
013720256 1
013720274 1
013720275 1
013720311 1
013720360 1
014070040 1
014070080 1
014070092 1
014070101 1
014070159 1
014070207 1
014070217 1
014070239 1
014070248 1
014070265 1
014070270 1
014070281 1
014070297 1
014070304 1
014070308 1
014070336 1
014070341 1
014070343 1
014070349 1
014070358 1
014180002 1
014180008 1
014180011 1
014180013 1
014180044 1
014180051 1
014180063 1
014180077 1
014180084 1
014180088 1
014180100 1
014180131 1
014180139 1
014180143 1
014180150 1
014180155 1
014180158 1
014180160 1
014180165 1
014180166 1
014190006 1
014190025 1
014190027 1
014190030 1
014190055 1
014190059 1
014190060 1
014190062 1
014190064 1
014190071 1
014190073 1
014190081 1
014190088 1
014190095 1
014190098 1
014190107 1
014190108 1
014190114 1
014190128 1
014190172 1
014350004 1
014350012 1
014350016 1
014350017 1
014350018 1
014350020 1
014350022 1
014350028 1
014350085 1
014350094 1
014350103 1
014350110 1
014350127 1
014350133 1
014350146 1
014350153 1
014350157 1
014350158 1
014350163 1
014350165 1
014390008 1
014390009 1
014390045 1
014390051 1
014390052 1
014390057 1
014390064 1
014390068 1
014390076 1
014390086 1
014390090 1
014390117 1
014390124 1
014390133 1
014390134 1
014390135 1
014390143 1
014390154 1
014390156 1
014390163 1
014470007 1
014470017 1
014470026 1
014470028 1
014470031 1
014470038 1
014470039 1
014470048 1
014470053 1
014470060 1
014470063 1
014470072 1
014470084 1
014470100 1
014470109 1
