013720198 7
013720199 7
013720201 6
013720215 5
013720233 5
013720256 7
013720274 9
013720275 7
013720311 6
013720360 9
014070040 10
014070080 5
014070092 7
014070101 8
014070159 6
014070207 6
014070217 5
014070239 5
014070248 6
014070265 7
014070270 5
014070281 8
014070297 9
014070304 8
014070308 8
014070336 7
014070341 10
014070343 7
014070349 10
014070358 7
014180002 7
014180008 5
014180011 5
014180013 5
014180044 4
014180051 4
014180063 3
014180077 4
014180084 5
014180088 4
014180100 6
014180131 5
014180139 8
014180143 8
014180150 6
014180155 4
014180158 4
014180160 4
014180165 5
014180166 5
014190006 5
014190025 6
014190027 4
014190030 4
014190055 5
014190059 5
014190060 3
014190062 3
014190064 4
014190071 3
014190073 4
014190081 4
014190088 5
014190095 4
014190098 5
014190107 7
014190108 6
014190114 5
014190128 3
014190172 4
014350004 6
014350012 6
014350016 6
014350017 6
014350018 6
014350020 6
014350022 4
014350028 4
014350085 5
014350094 6
014350103 5
014350110 6
014350127 4
014350133 4
014350146 7
014350153 4
014350157 4
014350158 5
014350163 4
014350165 6
014390008 6
014390009 6
014390045 4
014390051 7
014390052 7
014390057 4
014390064 5
014390068 5
014390076 5
014390086 5
014390090 5
014390117 7
014390124 4
014390133 6
014390134 6
014390135 7
014390143 6
014390154 5
014390156 6
014390163 5
014470007 6
014470017 5
014470026 3
014470028 4
014470031 3
014470038 4
014470039 4
014470048 3
014470053 3
014470060 3
014470063 5
014470072 4
014470084 5
014470100 5
014470109 6
