022420106 49840
022420129 46480
022420138 49008
022420146 51264
022420164 51536
022420168 60416
022420172 45200
022420273 48304
022420288 44448
022420292 48016
022420306 50304
022420342 48496
022420346 68176
022420348 64128
022420362 56496
022440038 71552
022440039 70560
022440062 73248
022440073 68272
022440126 42480
022440134 58976
022440139 38864
022440144 50608
022440165 64864
022440180 58400
022440189 67248
022440215 47584
022440277 43792
022440286 58080
022440312 48768
022440337 57168
022440340 66000
022440352 53312
022440361 60208
022440362 52992
022510066 57344
022510069 61264
022510089 63952
022510093 71552
022510095 57504
022510122 53552
022510152 74448
022510166 58992
022510190 66640
022510211 59456
022510230 69712
022510237 65296
022510255 48576
022510266 58160
022510276 58016
022510291 55328
022510300 51488
022510320 57856
022510323 50720
022510368 57408
022820020 68528
022820021 62112
022820026 45520
022820042 70480
022820062 64352
022820072 72496
022820079 75184
022820106 62752
022820107 50032
022820121 56576
022820134 50800
022820142 41264
022820155 52352
022820191 46352
022820197 56848
022820281 40608
022820291 44336
022820293 50016
022820317 43520
022820357 46240
023800015 53840
023800042 70000
023800056 52448
023800093 62864
023800114 68176
023800124 56032
023800160 45328
023800186 40624
023800242 63248
023800260 57936
023800277 48768
023800278 63312
023800280 50368
023800298 69904
023800326 55680
023800330 73568
023800338 67520
023800352 52112
023800363 58832
023800368 45200
024020047 42400
024020051 74080
024020053 39840
024020069 85760
024020084 52640
024020142 71840
024020158 56416
024020175 46560
024020176 64320
024020205 37440
024020233 66400
024020238 80960
024020253 83088
024020256 41760
024020260 55040
024020265 42880
024020291 61840
024020321 42912
024020328 68480
024020337 67616
024270011 74400
024270019 55632
024270028 88576
024270051 64752
024270053 53936
024270057 60592
024270077 45440
024270127 48144
024270155 46144
024270168 39376
