022420106 18
022420129 15
022420138 15
022420146 20
022420164 20
022420168 24
022420172 14
022420273 20
022420288 18
022420292 15
022420306 18
022420342 14
022420346 21
022420348 26
022420362 21
022440038 33
022440039 30
022440062 34
022440073 31
022440126 12
022440134 22
022440139 13
022440144 14
022440165 22
022440180 22
022440189 28
022440215 18
022440277 17
022440286 26
022440312 16
022440337 17
022440340 22
022440352 20
022440361 24
022440362 20
022510066 18
022510069 20
022510089 24
022510093 22
022510095 20
022510122 15
022510152 24
022510166 19
022510190 20
022510211 16
022510230 24
022510237 22
022510255 13
022510266 20
022510276 20
022510291 15
022510300 12
022510320 20
022510323 15
022510368 20
022820020 30
022820021 20
022820026 18
022820042 35
022820062 39
022820072 30
022820079 27
022820106 24
022820107 21
022820121 19
022820134 19
022820142 13
022820155 18
022820191 17
022820197 16
022820281 11
022820291 15
022820293 18
022820317 19
022820357 20
023800015 18
023800042 29
023800056 20
023800093 24
023800114 35
023800124 23
023800160 16
023800186 16
023800242 23
023800260 21
023800277 15
023800278 33
023800280 17
023800298 23
023800326 23
023800330 34
023800338 25
023800352 20
023800363 18
023800368 16
024020047 22
024020051 29
024020053 15
024020069 30
024020084 17
024020142 38
024020158 21
024020175 20
024020176 25
024020205 14
024020233 24
024020238 22
024020253 33
024020256 15
024020260 22
024020265 14
024020291 29
024020321 13
024020328 38
024020337 26
024270011 28
024270019 21
024270028 30
024270051 22
024270053 16
024270057 21
024270077 12
024270127 17
024270155 20
024270168 16
