022420106 1
022420129 1
022420138 1
022420146 1
022420164 1
022420168 1
022420172 1
022420273 1
022420288 1
022420292 1
022420306 1
022420342 1
022420346 1
022420348 1
022420362 1
022440038 1
022440039 1
022440062 1
022440073 1
022440126 1
022440134 1
022440139 1
022440144 1
022440165 1
022440180 1
022440189 1
022440215 1
022440277 1
022440286 1
022440312 1
022440337 1
022440340 1
022440352 1
022440361 1
022440362 1
022510066 1
022510069 1
022510089 1
022510093 1
022510095 1
022510122 1
022510152 1
022510166 1
022510190 1
022510211 1
022510230 1
022510237 1
022510255 1
022510266 1
022510276 1
022510291 1
022510300 1
022510320 1
022510323 1
022510368 1
022820020 1
022820021 1
022820026 1
022820042 1
022820062 1
022820072 1
022820079 1
022820106 1
022820107 1
022820121 1
022820134 1
022820142 1
022820155 1
022820191 1
022820197 1
022820281 1
022820291 1
022820293 1
022820317 1
022820357 1
023800015 1
023800042 1
023800056 1
023800093 1
023800114 1
023800124 1
023800160 1
023800186 1
023800242 1
023800260 1
023800277 1
023800278 1
023800280 1
023800298 1
023800326 1
023800330 1
023800338 1
023800352 1
023800363 1
023800368 1
024020047 1
024020051 1
024020053 1
024020069 1
024020084 1
024020142 1
024020158 1
024020175 1
024020176 1
024020205 1
024020233 1
024020238 1
024020253 1
024020256 1
024020260 1
024020265 1
024020291 1
024020321 1
024020328 1
024020337 1
024270011 1
024270019 1
024270028 1
024270051 1
024270053 1
024270057 1
024270077 1
024270127 1
024270155 1
024270168 1
