022420106 5
022420129 5
022420138 5
022420146 5
022420164 6
022420168 8
022420172 5
022420273 8
022420288 7
022420292 6
022420306 7
022420342 5
022420346 8
022420348 9
022420362 8
022440038 7
022440039 10
022440062 9
022440073 8
022440126 5
022440134 7
022440139 5
022440144 5
022440165 7
022440180 8
022440189 10
022440215 6
022440277 6
022440286 10
022440312 6
022440337 6
022440340 6
022440352 6
022440361 8
022440362 7
022510066 7
022510069 6
022510089 7
022510093 8
022510095 7
022510122 6
022510152 9
022510166 6
022510190 9
022510211 6
022510230 9
022510237 9
022510255 5
022510266 5
022510276 6
022510291 6
022510300 5
022510320 6
022510323 5
022510368 7
022820020 10
022820021 7
022820026 6
022820042 10
022820062 9
022820072 9
022820079 9
022820106 7
022820107 6
022820121 5
022820134 5
022820142 5
022820155 7
022820191 6
022820197 6
022820281 5
022820291 6
022820293 6
022820317 6
022820357 5
023800015 8
023800042 8
023800056 5
023800093 9
023800114 10
023800124 9
023800160 5
023800186 6
023800242 6
023800260 7
023800277 6
023800278 8
023800280 7
023800298 8
023800326 8
023800330 9
023800338 8
023800352 7
023800363 6
023800368 5
024020047 7
024020051 9
024020053 6
024020069 9
024020084 6
024020142 9
024020158 8
024020175 5
024020176 8
024020205 6
024020233 8
024020238 8
024020253 7
024020256 5
024020260 6
024020265 5
024020291 7
024020321 5
024020328 10
024020337 10
024270011 9
024270019 6
024270028 8
024270051 7
024270053 6
024270057 7
024270077 5
024270127 5
024270155 7
024270168 6
