085850006 59200
085850024 45440
085850039 57920
085850042 82080
085850044 45312
085850046 44672
085850056 63200
085850075 43040
085850088 43072
085850092 56448
085850094 39840
085850101 37280
085850108 65760
085850112 42400
085850119 45440
085850120 38400
085850138 58240
085850146 45600
085850161 55840
085850170 49760
090340002 59840
090340007 51728
090340021 56160
090340032 62880
090340039 67360
090340041 53600
090340043 85440
090340054 46240
090340071 39840
090340085 46080
090340088 36960
090340090 68000
090340108 39360
090340114 71040
090340126 58080
090340131 48960
090340155 75520
090340158 47360
090340164 49920
090340168 88800
090700006 47840
090700008 62720
090700019 43520
090700042 60800
090700045 63520
090700047 44448
090700054 51040
090700055 62720
090700057 80160
090700059 59840
090700065 72960
090700081 53232
090700082 46880
090700108 48800
090700111 66720
090700117 67072
090700127 51952
090700148 62448
090700164 77760
090700172 73440
095560005 69648
095560008 73424
095560010 48976
095560017 67280
095560031 74720
095560037 64640
095560051 68704
095560054 65120
095560069 78688
095560080 62256
095560083 73424
095560108 58720
095560115 47984
095560129 63520
095560133 77472
095560150 71968
095560153 75392
095560163 50688
095560164 72160
095560170 59824
096000002 103824
096000003 124800
096000004 103904
096000005 118208
096000006 119040
096000007 150176
096000008 123360
096000009 93056
096000010 114704
096000011 93600
096000012 112848
096000013 90064
096000014 88016
096000015 132240
096000016 123040
096000017 127856
096000018 148096
096000020 119552
096000021 145776
096000022 113264
096040001 98784
096040002 94064
096040004 43472
096040005 108944
096040006 102048
096040007 92752
096040008 63520
096040009 56928
096040010 136080
096040011 126000
096040012 84976
096040014 124160
096040015 57344
096040016 117120
096040018 113440
096040019 87184
096040021 66336
096040023 138464
096040024 88912
096040025 73264
096060001 89920
096060002 83488
096060003 86400
096060004 53792
096060005 109152
