085850006 22
085850024 15
085850039 24
085850042 23
085850044 16
085850046 12
085850056 23
085850075 18
085850088 17
085850092 25
085850094 17
085850101 13
085850108 27
085850112 17
085850119 15
085850120 15
085850138 23
085850146 15
085850161 27
085850170 28
090340002 27
090340007 21
090340021 22
090340032 26
090340039 28
090340041 23
090340043 36
090340054 19
090340071 13
090340085 16
090340088 13
090340090 27
090340108 12
090340114 25
090340126 25
090340131 19
090340155 29
090340158 16
090340164 19
090340168 37
090700006 17
090700008 21
090700019 15
090700042 26
090700045 25
090700047 12
090700054 19
090700055 25
090700057 26
090700059 23
090700065 29
090700081 22
090700082 17
090700108 20
090700111 26
090700117 27
090700127 22
090700148 25
090700164 30
090700172 32
095560005 23
095560008 25
095560010 13
095560017 20
095560031 26
095560037 20
095560051 30
095560054 16
095560069 24
095560080 28
095560083 30
095560108 15
095560115 17
095560129 19
095560133 29
095560150 23
095560153 22
095560163 11
095560164 22
095560170 15
096000002 27
096000003 21
096000004 26
096000005 24
096000006 23
096000007 27
096000008 31
096000009 19
096000010 20
096000011 18
096000012 27
096000013 15
096000014 18
096000015 27
096000016 30
096000017 26
096000018 30
096000020 23
096000021 31
096000022 20
096040001 28
096040002 26
096040004 12
096040005 23
096040006 28
096040007 24
096040008 15
096040009 13
096040010 28
096040011 24
096040012 18
096040014 27
096040015 15
096040016 31
096040018 25
096040019 26
096040021 23
096040023 27
096040024 22
096040025 23
096060001 25
096060002 13
096060003 16
096060004 12
096060005 17
