085850006 1
085850024 1
085850039 1
085850042 1
085850044 1
085850046 1
085850056 1
085850075 1
085850088 1
085850092 1
085850094 1
085850101 1
085850108 1
085850112 1
085850119 1
085850120 1
085850138 1
085850146 1
085850161 1
085850170 1
090340002 1
090340007 1
090340021 1
090340032 1
090340039 1
090340041 1
090340043 1
090340054 1
090340071 1
090340085 1
090340088 1
090340090 1
090340108 1
090340114 1
090340126 1
090340131 1
090340155 1
090340158 1
090340164 1
090340168 1
090700006 1
090700008 1
090700019 1
090700042 1
090700045 1
090700047 1
090700054 1
090700055 1
090700057 1
090700059 1
090700065 1
090700081 1
090700082 1
090700108 1
090700111 1
090700117 1
090700127 1
090700148 1
090700164 1
090700172 1
095560005 1
095560008 1
095560010 1
095560017 1
095560031 1
095560037 1
095560051 1
095560054 1
095560069 1
095560080 1
095560083 1
095560108 1
095560115 1
095560129 1
095560133 1
095560150 1
095560153 1
095560163 1
095560164 1
095560170 1
096000002 1
096000003 1
096000004 1
096000005 1
096000006 1
096000007 1
096000008 1
096000009 1
096000010 1
096000011 1
096000012 1
096000013 1
096000014 1
096000015 1
096000016 1
096000017 1
096000018 1
096000020 1
096000021 1
096000022 1
096040001 1
096040002 1
096040004 1
096040005 1
096040006 1
096040007 1
096040008 1
096040009 1
096040010 1
096040011 1
096040012 1
096040014 1
096040015 1
096040016 1
096040018 1
096040019 1
096040021 1
096040023 1
096040024 1
096040025 1
096060001 1
096060002 1
096060003 1
096060004 1
096060005 1
