085850006 9
085850024 6
085850039 8
085850042 9
085850044 6
085850046 5
085850056 9
085850075 5
085850088 5
085850092 9
085850094 5
085850101 5
085850108 9
085850112 7
085850119 6
085850120 5
085850138 8
085850146 6
085850161 9
085850170 9
090340002 9
090340007 7
090340021 7
090340032 8
090340039 9
090340041 9
090340043 10
090340054 5
090340071 5
090340085 7
090340088 5
090340090 9
090340108 5
090340114 9
090340126 9
090340131 6
090340155 8
090340158 5
090340164 6
090340168 10
090700006 5
090700008 7
090700019 5
090700042 10
090700045 6
090700047 5
090700054 6
090700055 8
090700057 9
090700059 7
090700065 7
090700081 8
090700082 5
090700108 7
090700111 8
090700117 9
090700127 8
090700148 6
090700164 9
090700172 9
095560005 9
095560008 7
095560010 5
095560017 6
095560031 7
095560037 7
095560051 6
095560054 5
095560069 7
095560080 8
095560083 10
095560108 5
095560115 6
095560129 5
095560133 8
095560150 8
095560153 9
095560163 5
095560164 9
095560170 6
096000002 8
096000003 9
096000004 10
096000005 9
096000006 8
096000007 10
096000008 10
096000009 7
096000010 7
096000011 7
096000012 9
096000013 6
096000014 6
096000015 10
096000016 10
096000017 10
096000018 9
096000020 10
096000021 10
096000022 8
096040001 9
096040002 8
096040004 5
096040005 8
096040006 9
096040007 10
096040008 5
096040009 5
096040010 10
096040011 8
096040012 8
096040014 9
096040015 6
096040016 10
096040018 9
096040019 9
096040021 7
096040023 10
096040024 8
096040025 8
096060001 9
096060002 5
096060003 7
096060004 5
096060005 7
