096060006 27
096060007 13
096060008 22
096060009 26
096060010 28
096060011 21
096060012 13
096060013 13
096060014 16
096060015 25
096060016 29
096060017 26
096060019 16
096060020 19
096060022 22
096070002 24
096070003 22
096070005 29
096070006 17
096070007 20
096070008 25
096070011 23
096070012 12
096070013 29
096070014 29
096070015 28
096070016 15
096070017 23
096070018 23
096070019 15
096070020 27
096070021 24
096070022 20
096070023 25
096070024 25
096090001 28
096090003 20
096090005 28
096090006 20
096090007 23
096090008 20
096090010 26
096090011 24
096090014 20
096090015 17
096090017 28
096090018 14
096090019 25
096090020 25
096090021 20
096090023 24
096090024 26
096090025 28
096090026 16
096090027 29
096110001 29
096110002 20
096110003 14
096110004 12
096110005 19
096110006 22
096110008 12
096110009 18
096110011 29
096110012 21
096110013 12
096110014 28
096110015 28
096110016 29
096110017 32
096110018 21
096110019 26
096110021 22
096110022 18
096110023 34
096130001 17
096130002 17
096130003 19
096130004 14
096130005 25
096130006 13
096130007 24
096130008 13
096130009 26
096130010 13
096130011 15
096130012 13
096130013 27
096130014 38
096130016 21
096130017 22
096130018 29
096130019 18
096130020 22
096130021 13
096140002 28
096140003 25
096140004 32
096140005 16
096140006 14
096140007 28
096140008 17
096140009 13
096140010 14
096140011 27
096140012 19
096140014 21
096140015 28
096140016 34
096140017 23
096140018 22
096140019 19
096140020 24
096140021 15
096140022 27
096150003 20
096150005 28
096150006 34
096150007 26
096150009 24
096150010 30
096150011 26
096150012 30
096150013 23
096150016 24
