096060006 164784
096060007 67872
096060008 144160
096060009 150880
096060010 123504
096060011 92960
096060012 65664
096060013 88960
096060014 91584
096060015 99040
096060016 143600
096060017 119248
096060019 76160
096060020 101040
096060022 102880
096070002 85184
096070003 96944
096070005 116480
096070006 65328
096070007 97744
096070008 94592
096070011 86528
096070012 52912
096070013 131168
096070014 122160
096070015 109040
096070016 79936
096070017 99520
096070018 94480
096070019 72688
096070020 118736
096070021 97920
096070022 91936
096070023 103520
096070024 104272
096090001 191120
096090003 245440
096090005 154880
096090006 109344
096090007 187520
096090008 187152
096090010 200624
096090011 177184
096090014 134560
096090015 106720
096090017 230240
096090018 111136
096090019 180064
096090020 153920
096090021 190048
096090023 182512
096090024 148832
096090025 136400
096090026 81280
096090027 143952
096110001 82928
096110002 83104
096110003 60224
096110004 47904
096110005 83600
096110006 95664
096110008 53344
096110009 63792
096110011 77264
096110012 84032
096110013 46672
096110014 72480
096110015 91008
096110016 94912
096110017 100000
096110018 57152
096110019 79456
096110021 80336
096110022 69808
096110023 82320
096130001 52272
096130002 74080
096130003 75344
096130004 67760
096130005 100864
096130006 47680
096130007 70400
096130008 60048
096130009 89024
096130010 69488
096130011 62864
096130012 58464
096130013 81280
096130014 111856
096130016 71824
096130017 69760
096130018 76864
096130019 54992
096130020 71744
096130021 53552
096140002 89952
096140003 162240
096140004 148768
096140005 94656
096140006 105296
096140007 141376
096140008 103408
096140009 110768
096140010 82768
096140011 132848
096140012 151424
096140014 101872
096140015 138528
096140016 161680
096140017 133632
096140018 123008
096140019 85648
096140020 116688
096140021 80352
096140022 132784
096150003 126720
096150005 231408
096150006 215360
096150007 200320
096150009 129680
096150010 175792
096150011 187840
096150012 196640
096150013 154896
096150016 121680
