096060006 1
096060007 1
096060008 1
096060009 1
096060010 1
096060011 1
096060012 1
096060013 1
096060014 1
096060015 1
096060016 1
096060017 1
096060019 1
096060020 1
096060022 1
096070002 1
096070003 1
096070005 1
096070006 1
096070007 1
096070008 1
096070011 1
096070012 1
096070013 1
096070014 1
096070015 1
096070016 1
096070017 1
096070018 1
096070019 1
096070020 1
096070021 1
096070022 1
096070023 1
096070024 1
096090001 1
096090003 1
096090005 1
096090006 1
096090007 1
096090008 1
096090010 1
096090011 1
096090014 1
096090015 1
096090017 1
096090018 1
096090019 1
096090020 1
096090021 1
096090023 1
096090024 1
096090025 1
096090026 1
096090027 1
096110001 1
096110002 1
096110003 1
096110004 1
096110005 1
096110006 1
096110008 1
096110009 1
096110011 1
096110012 1
096110013 1
096110014 1
096110015 1
096110016 1
096110017 1
096110018 1
096110019 1
096110021 1
096110022 1
096110023 1
096130001 1
096130002 1
096130003 1
096130004 1
096130005 1
096130006 1
096130007 1
096130008 1
096130009 1
096130010 1
096130011 1
096130012 1
096130013 1
096130014 1
096130016 1
096130017 1
096130018 1
096130019 1
096130020 1
096130021 1
096140002 1
096140003 1
096140004 1
096140005 1
096140006 1
096140007 1
096140008 1
096140009 1
096140010 1
096140011 1
096140012 1
096140014 1
096140015 1
096140016 1
096140017 1
096140018 1
096140019 1
096140020 1
096140021 1
096140022 1
096150003 1
096150005 1
096150006 1
096150007 1
096150009 1
096150010 1
096150011 1
096150012 1
096150013 1
096150016 1
