096060006 10
096060007 5
096060008 9
096060009 10
096060010 9
096060011 8
096060012 5
096060013 5
096060014 7
096060015 7
096060016 10
096060017 10
096060019 6
096060020 8
096060022 8
096070002 8
096070003 9
096070005 9
096070006 5
096070007 8
096070008 9
096070011 8
096070012 5
096070013 10
096070014 9
096070015 9
096070016 6
096070017 8
096070018 8
096070019 6
096070020 9
096070021 9
096070022 7
096070023 8
096070024 8
096090001 10
096090003 7
096090005 9
096090006 7
096090007 9
096090008 8
096090010 9
096090011 8
096090014 8
096090015 6
096090017 9
096090018 5
096090019 10
096090020 8
096090021 8
096090023 9
096090024 9
096090025 9
096090026 6
096090027 9
096110001 10
096110002 8
096110003 6
096110004 5
096110005 9
096110006 9
096110008 5
096110009 8
096110011 10
096110012 8
096110013 5
096110014 9
096110015 9
096110016 9
096110017 10
096110018 8
096110019 9
096110021 7
096110022 7
096110023 10
096130001 6
096130002 6
096130003 8
096130004 5
096130005 8
096130006 5
096130007 9
096130008 6
096130009 10
096130010 5
096130011 6
096130012 6
096130013 8
096130014 10
096130016 9
096130017 9
096130018 10
096130019 6
096130020 8
096130021 6
096140002 10
096140003 9
096140004 10
096140005 7
096140006 5
096140007 9
096140008 7
096140009 6
096140010 5
096140011 9
096140012 7
096140014 8
096140015 10
096140016 10
096140017 9
096140018 9
096140019 7
096140020 7
096140021 7
096140022 10
096150003 8
096150005 9
096150006 10
096150007 10
096150009 9
096150010 10
096150011 8
096150012 10
096150013 10
096150016 7
