064010150 93280
064010161 90720
064010164 63920
064010172 77776
064010173 62576
065040005 77840
065040007 51040
065040009 72128
065040011 51520
065040028 66240
065040042 51856
065040044 54080
065040045 56800
065040049 48688
065040077 56480
065040112 44144
065040118 52704
065040124 51680
065040125 48160
065040126 38240
065040127 44800
065040133 67680
065040134 53920
065040137 48160
065040160 43568
069120003 64800
069120014 57744
069120020 50080
069120025 52320
069120052 40288
069120059 59872
069120061 51840
069120072 45232
069120083 45536
069120087 42880
069120092 60800
069120093 70400
069120094 66880
069120106 51184
069120121 62144
069120123 38992
069120140 70240
069120151 64624
069120165 52480
069120170 59840
070010001 94464
070010002 194608
070010003 186224
070010004 250688
070010005 318448
070010006 326528
070010007 150704
070010008 268816
070010009 215376
070010010 201056
070010011 218320
070010012 168080
070010013 104256
070010014 237344
070010015 315760
070010016 304176
070010017 196496
070010018 219008
070010019 214944
070010020 200336
075510004 63312
075510010 90752
075510017 48592
075510036 71600
075510038 79728
075510041 42432
075510057 43840
075510076 61760
075510086 52288
075510090 85600
075510091 64608
075510099 51792
075510129 59520
075510131 66880
075510137 46304
075510142 61472
075510144 65600
075510163 60720
075510165 57440
075510167 58400
080020001 168272
080020002 104048
080020003 273696
080020004 131776
080020005 95248
080020006 106720
080020007 109648
080020008 116816
080020009 173888
080020010 178704
080020011 229984
080020012 140320
080020013 120304
080020014 91232
080020015 88528
080020016 203568
080020017 109376
080020018 126160
080020019 185136
080020020 117392
080570004 42368
080570009 36480
080570013 46240
080570014 49776
080570031 60480
080570053 56320
080570067 56960
080570071 60480
080570072 84960
080570080 59360
080570081 57920
080570087 51856
080570089 51840
080570102 60160
080570127 44800
080570138 54720
080570143 79040
080570144 71040
080570146 57600
080570157 40800
