064010150 33
064010161 31
064010164 20
064010172 18
064010173 20
065040005 31
065040007 16
065040009 29
065040011 17
065040028 27
065040042 16
065040044 20
065040045 19
065040049 19
065040077 20
065040112 13
065040118 17
065040124 17
065040125 15
065040126 12
065040127 15
065040133 24
065040134 17
065040137 17
065040160 13
069120003 28
069120014 12
069120020 18
069120025 14
069120052 16
069120059 18
069120061 13
069120072 14
069120083 16
069120087 15
069120092 17
069120093 24
069120094 20
069120106 17
069120121 24
069120123 10
069120140 23
069120151 17
069120165 18
069120170 23
070010001 12
070010002 25
070010003 24
070010004 31
070010005 42
070010006 33
070010007 14
070010008 24
070010009 21
070010010 24
070010011 22
070010012 23
070010013 12
070010014 26
070010015 30
070010016 24
070010017 19
070010018 22
070010019 23
070010020 20
075510004 24
075510010 22
075510017 17
075510036 23
075510038 20
075510041 14
075510057 15
075510076 23
075510086 20
075510090 31
075510091 23
075510099 19
075510129 22
075510131 29
075510137 18
075510142 27
075510144 36
075510163 23
075510165 21
075510167 23
080020001 25
080020002 19
080020003 39
080020004 14
080020005 12
080020006 15
080020007 13
080020008 19
080020009 31
080020010 21
080020011 24
080020012 20
080020013 21
080020014 13
080020015 14
080020016 15
080020017 18
080020018 19
080020019 23
080020020 21
080570004 17
080570009 16
080570013 18
080570014 21
080570031 24
080570053 18
080570067 20
080570071 23
080570072 34
080570080 26
080570081 15
080570087 13
080570089 21
080570102 28
080570127 20
080570138 16
080570143 33
080570144 25
080570146 23
080570157 18
