064010150 1
064010161 1
064010164 1
064010172 1
064010173 1
065040005 1
065040007 1
065040009 1
065040011 1
065040028 1
065040042 1
065040044 1
065040045 1
065040049 1
065040077 1
065040112 1
065040118 1
065040124 1
065040125 1
065040126 1
065040127 1
065040133 1
065040134 1
065040137 1
065040160 1
069120003 1
069120014 1
069120020 1
069120025 1
069120052 1
069120059 1
069120061 1
069120072 1
069120083 1
069120087 1
069120092 1
069120093 1
069120094 1
069120106 1
069120121 1
069120123 1
069120140 1
069120151 1
069120165 1
069120170 1
070010001 1
070010002 1
070010003 1
070010004 1
070010005 1
070010006 1
070010007 1
070010008 1
070010009 1
070010010 1
070010011 1
070010012 1
070010013 1
070010014 1
070010015 1
070010016 1
070010017 1
070010018 1
070010019 1
070010020 1
075510004 1
075510010 1
075510017 1
075510036 1
075510038 1
075510041 1
075510057 1
075510076 1
075510086 1
075510090 1
075510091 1
075510099 1
075510129 1
075510131 1
075510137 1
075510142 1
075510144 1
075510163 1
075510165 1
075510167 1
080020001 1
080020002 1
080020003 1
080020004 1
080020005 1
080020006 1
080020007 1
080020008 1
080020009 1
080020010 1
080020011 1
080020012 1
080020013 1
080020014 1
080020015 1
080020016 1
080020017 1
080020018 1
080020019 1
080020020 1
080570004 1
080570009 1
080570013 1
080570014 1
080570031 1
080570053 1
080570067 1
080570071 1
080570072 1
080570080 1
080570081 1
080570087 1
080570089 1
080570102 1
080570127 1
080570138 1
080570143 1
080570144 1
080570146 1
080570157 1
