064010150 9
064010161 10
064010164 5
064010172 5
064010173 5
065040005 10
065040007 5
065040009 7
065040011 7
065040028 9
065040042 5
065040044 7
065040045 6
065040049 5
065040077 6
065040112 4
065040118 7
065040124 6
065040125 6
065040126 5
065040127 6
065040133 9
065040134 7
065040137 7
065040160 5
069120003 9
069120014 4
069120020 6
069120025 5
069120052 6
069120059 7
069120061 6
069120072 5
069120083 4
069120087 5
069120092 5
069120093 9
069120094 5
069120106 6
069120121 9
069120123 4
069120140 8
069120151 6
069120165 6
069120170 8
070010001 5
070010002 8
070010003 7
070010004 10
070010005 9
070010006 9
070010007 6
070010008 6
070010009 5
070010010 8
070010011 8
070010012 7
070010013 5
070010014 6
070010015 8
070010016 9
070010017 7
070010018 8
070010019 7
070010020 8
075510004 9
075510010 8
075510017 7
075510036 8
075510038 8
075510041 4
075510057 5
075510076 8
075510086 7
075510090 9
075510091 9
075510099 6
075510129 8
075510131 10
075510137 5
075510142 9
075510144 8
075510163 8
075510165 8
075510167 9
080020001 5
080020002 5
080020003 10
080020004 5
080020005 5
080020006 6
080020007 5
080020008 7
080020009 10
080020010 7
080020011 8
080020012 8
080020013 6
080020014 5
080020015 6
080020016 5
080020017 5
080020018 6
080020019 7
080020020 6
080570004 5
080570009 6
080570013 5
080570014 7
080570031 9
080570053 6
080570067 7
080570071 9
080570072 10
080570080 9
080570081 5
080570087 5
080570089 8
080570102 10
080570127 7
080570138 5
080570143 10
080570144 9
080570146 7
080570157 5
