021290009 18
021290011 22
021290068 27
021290121 18
021290134 15
021290144 27
021290148 20
021290160 24
021290169 19
021290173 16
021290200 23
021290209 25
021290235 28
021290261 18
021290282 22
021290291 19
021290319 23
021290324 18
021290326 16
021290371 19
021680007 16
021680016 22
021680048 34
021680052 25
021680122 21
021680154 20
021680169 17
021680190 35
021680237 27
021680246 15
021680249 22
021680251 17
021680266 20
021680288 30
021680297 23
021680318 19
021680332 16
021680369 13
021680379 24
021680380 35
021700029 23
021700034 30
021700062 25
021700077 11
021700120 33
021700131 16
021700139 21
021700153 34
021700176 9
021700211 20
021700224 22
021700232 26
021700236 29
021700240 31
021700277 20
021700287 17
021700291 16
021700300 22
021700362 14
021700379 22
021790008 18
021790025 16
021790030 9
021790035 12
021790039 14
021790040 13
021790043 11
021790055 20
021790075 13
021790081 20
021790083 18
021790084 16
021790108 24
021790112 10
021790125 16
021790149 12
021790152 13
021790168 19
021790169 14
021790173 17
022080028 19
022080038 22
022080085 21
022080100 19
022080116 22
022080124 28
022080146 19
022080179 30
022080181 19
022080186 15
022080187 18
022080189 13
022080192 19
022080202 13
022080204 16
022080210 30
022080294 12
022080299 28
022080340 30
022080341 19
022360092 25
022360126 24
022360147 13
022360159 15
022360185 18
022360186 14
022360221 17
022360222 17
022360227 15
022360231 22
022360253 29
022360259 19
022360262 14
022360265 21
022360293 18
022360310 27
022360311 16
022360321 40
022360326 17
022360350 16
022420015 13
022420045 21
022420067 18
022420073 21
022420086 32
