021290009 58080
021290011 54032
021290068 62240
021290121 48384
021290134 42912
021290144 59280
021290148 46240
021290160 59280
021290169 45648
021290173 41184
021290200 53056
021290209 53920
021290235 62080
021290261 48064
021290282 57056
021290291 46240
021290319 48784
021290324 49440
021290326 45760
021290371 50576
021680007 50976
021680016 61168
021680048 72400
021680052 65648
021680122 49648
021680154 55776
021680169 48192
021680190 85760
021680237 61824
021680246 52400
021680249 59376
021680251 55008
021680266 51264
021680288 73120
021680297 51552
021680318 61984
021680332 48752
021680369 51648
021680379 60992
021680380 77072
021700029 57696
021700034 67872
021700062 62608
021700077 49920
021700120 60800
021700131 44992
021700139 53168
021700153 85104
021700176 41984
021700211 49968
021700224 49696
021700232 71840
021700236 76784
021700240 61152
021700277 57792
021700287 39296
021700291 48208
021700300 48752
021700362 53424
021700379 57456
021790008 47440
021790025 47360
021790030 46400
021790035 49760
021790039 50400
021790040 50880
021790043 44912
021790055 71552
021790075 40480
021790081 63360
021790083 42992
021790084 68768
021790108 61760
021790112 31488
021790125 46720
021790149 39456
021790152 44144
021790168 75200
021790169 46560
021790173 56560
022080028 59888
022080038 64544
022080085 66384
022080100 43968
022080116 50288
022080124 59712
022080146 51216
022080179 55536
022080181 44176
022080186 44416
022080187 46384
022080189 37408
022080192 45488
022080202 38496
022080204 39712
022080210 57072
022080294 38336
022080299 69232
022080340 65792
022080341 47312
022360092 65888
022360126 61328
022360147 48064
022360159 44768
022360185 41072
022360186 40144
022360221 59760
022360222 55952
022360227 48528
022360231 54800
022360253 64112
022360259 47792
022360262 39968
022360265 50592
022360293 44464
022360310 70560
022360311 48768
022360321 72800
022360326 52592
022360350 42848
022420015 41456
022420045 58544
022420067 46144
022420073 84688
022420086 70224
