021290009 1
021290011 1
021290068 1
021290121 1
021290134 1
021290144 1
021290148 1
021290160 1
021290169 1
021290173 1
021290200 1
021290209 1
021290235 1
021290261 1
021290282 1
021290291 1
021290319 1
021290324 1
021290326 1
021290371 1
021680007 1
021680016 1
021680048 1
021680052 1
021680122 1
021680154 1
021680169 1
021680190 1
021680237 1
021680246 1
021680249 1
021680251 1
021680266 1
021680288 1
021680297 1
021680318 1
021680332 1
021680369 1
021680379 1
021680380 1
021700029 1
021700034 1
021700062 1
021700077 1
021700120 1
021700131 1
021700139 1
021700153 1
021700176 1
021700211 1
021700224 1
021700232 1
021700236 1
021700240 1
021700277 1
021700287 1
021700291 1
021700300 1
021700362 1
021700379 1
021790008 1
021790025 1
021790030 1
021790035 1
021790039 1
021790040 1
021790043 1
021790055 1
021790075 1
021790081 1
021790083 1
021790084 1
021790108 1
021790112 1
021790125 1
021790149 1
021790152 1
021790168 1
021790169 1
021790173 1
022080028 1
022080038 1
022080085 1
022080100 1
022080116 1
022080124 1
022080146 1
022080179 1
022080181 1
022080186 1
022080187 1
022080189 1
022080192 1
022080202 1
022080204 1
022080210 1
022080294 1
022080299 1
022080340 1
022080341 1
022360092 1
022360126 1
022360147 1
022360159 1
022360185 1
022360186 1
022360221 1
022360222 1
022360227 1
022360231 1
022360253 1
022360259 1
022360262 1
022360265 1
022360293 1
022360310 1
022360311 1
022360321 1
022360326 1
022360350 1
022420015 1
022420045 1
022420067 1
022420073 1
022420086 1
