021290009 7
021290011 6
021290068 8
021290121 6
021290134 6
021290144 8
021290148 7
021290160 5
021290169 6
021290173 6
021290200 7
021290209 8
021290235 8
021290261 6
021290282 8
021290291 8
021290319 8
021290324 5
021290326 6
021290371 6
021680007 6
021680016 7
021680048 9
021680052 8
021680122 8
021680154 5
021680169 6
021680190 10
021680237 8
021680246 5
021680249 7
021680251 5
021680266 6
021680288 10
021680297 7
021680318 8
021680332 5
021680369 6
021680379 8
021680380 10
021700029 7
021700034 6
021700062 9
021700077 4
021700120 9
021700131 5
021700139 6
021700153 10
021700176 5
021700211 7
021700224 7
021700232 8
021700236 10
021700240 9
021700277 8
021700287 7
021700291 5
021700300 9
021700362 5
021700379 5
021790008 5
021790025 5
021790030 4
021790035 4
021790039 4
021790040 4
021790043 3
021790055 5
021790075 4
021790081 6
021790083 5
021790084 6
021790108 6
021790112 4
021790125 7
021790149 4
021790152 6
021790168 6
021790169 6
021790173 6
022080028 6
022080038 7
022080085 6
022080100 7
022080116 7
022080124 9
022080146 7
022080179 10
022080181 7
022080186 6
022080187 6
022080189 5
022080192 7
022080202 5
022080204 5
022080210 10
022080294 5
022080299 8
022080340 8
022080341 6
022360092 7
022360126 8
022360147 5
022360159 6
022360185 5
022360186 5
022360221 6
022360222 5
022360227 5
022360231 5
022360253 8
022360259 5
022360262 5
022360265 8
022360293 6
022360310 9
022360311 6
022360321 10
022360326 6
022360350 7
022420015 5
022420045 6
022420067 6
022420073 8
022420086 7
