000010011 10
000010035 13
000010053 11
000010063 13
000010069 15
000010075 11
000010089 15
000010095 13
000010106 12
000010113 18
000010115 17
000010121 16
000010122 19
000010133 14
000010135 15
000010140 15
000010145 15
000010149 15
000010168 2
000010173 4
000050003 15
000050010 10
000050024 15
000050028 10
000050038 13
000050040 13
000050047 10
000050049 7
000050055 8
000050078 18
000050079 19
000050083 14
000050095 14
000050099 17
000050100 15
000050114 19
000050118 17
000050122 20
000050174 8
000050175 6
000060015 17
000060020 18
000060029 15
000060031 12
000060049 10
000060056 14
000060077 12
000060081 15
000060082 10
000060083 15
000060094 17
000060102 13
000060106 18
000060111 17
000060113 13
000060116 19
000060124 19
000060130 12
000060136 10
000060153 15
000260001 11
000260011 14
000260015 15
000260032 12
000260033 13
000260039 12
000260048 13
000260050 12
000260052 14
000260069 15
000260075 11
000260091 18
000260095 16
000260096 15
000260112 22
000260115 19
000260121 21
000260126 12
000260133 15
000260166 12
000360013 20
000360034 27
000360036 14
000360132 20
000360133 25
000360161 18
000360190 23
000360210 25
000360223 30
000360241 18
000360264 30
000360283 11
000360313 21
000360314 14
000360332 27
000360334 18
000360339 24
000360343 30
000360360 22
000360378 13
000480010 9
000480014 13
000480015 22
000480016 13
000480019 16
000480023 13
000480033 12
000480045 13
000480068 10
000480081 15
000480089 14
000480090 8
000480108 14
000480119 16
000480125 22
000480134 14
000480136 17
000480151 11
000480158 13
000480159 13
000530003 17
000530006 15
000530019 16
000530027 9
000530030 14
