000010011 41280
000010035 54880
000010053 53600
000010063 53104
000010069 48160
000010075 41440
000010089 49280
000010095 47520
000010106 34080
000010113 48032
000010115 48000
000010121 52960
000010122 54720
000010133 46080
000010135 51552
000010140 53200
000010145 55840
000010149 52480
000010168 26720
000010173 32944
000050003 69488
000050010 48752
000050024 61424
000050028 43568
000050038 46032
000050040 44192
000050047 36064
000050049 34064
000050055 35808
000050078 61920
000050079 74256
000050083 38960
000050095 46416
000050099 45600
000050100 46720
000050114 62544
000050118 56944
000050122 74464
000050174 31072
000050175 25440
000060015 52960
000060020 52160
000060029 54400
000060031 52160
000060049 49920
000060056 45344
000060077 48800
000060081 48496
000060082 48000
000060083 45120
000060094 50880
000060102 48592
000060106 51680
000060111 52320
000060113 39040
000060116 49280
000060124 57264
000060130 48000
000060136 41440
000060153 49920
000260001 38112
000260011 50896
000260015 51520
000260032 46880
000260033 46240
000260039 47280
000260048 40832
000260050 41120
000260052 55680
000260069 53600
000260075 38560
000260091 52800
000260095 51200
000260096 54240
000260112 62080
000260115 66880
000260121 61120
000260126 38080
000260133 42400
000260166 40960
000360013 52800
000360034 67520
000360036 47312
000360132 52480
000360133 72304
000360161 49424
000360190 60480
000360210 52288
000360223 64336
000360241 51840
000360264 72896
000360283 41440
000360313 56480
000360314 42240
000360332 66560
000360334 48912
000360339 60800
000360343 64000
000360360 61920
000360378 36160
000480010 34848
000480014 36896
000480015 42656
000480016 38656
000480019 36960
000480023 35520
000480033 38880
000480045 38128
000480068 32480
000480081 42240
000480089 38368
000480090 30560
000480108 39200
000480119 41632
000480125 49424
000480134 37552
000480136 41424
000480151 38400
000480158 38880
000480159 38992
000530003 58560
000530006 61440
000530019 58400
000530027 45600
000530030 57056
