000010011 1
000010035 1
000010053 1
000010063 1
000010069 1
000010075 1
000010089 1
000010095 1
000010106 1
000010113 1
000010115 1
000010121 1
000010122 1
000010133 1
000010135 1
000010140 1
000010145 1
000010149 1
000010168 1
000010173 1
000050003 1
000050010 1
000050024 1
000050028 1
000050038 1
000050040 1
000050047 1
000050049 1
000050055 1
000050078 1
000050079 1
000050083 1
000050095 1
000050099 1
000050100 1
000050114 1
000050118 1
000050122 1
000050174 1
000050175 1
000060015 1
000060020 1
000060029 1
000060031 1
000060049 1
000060056 1
000060077 1
000060081 1
000060082 1
000060083 1
000060094 1
000060102 1
000060106 1
000060111 1
000060113 1
000060116 1
000060124 1
000060130 1
000060136 1
000060153 1
000260001 1
000260011 1
000260015 1
000260032 1
000260033 1
000260039 1
000260048 1
000260050 1
000260052 1
000260069 1
000260075 1
000260091 1
000260095 1
000260096 1
000260112 1
000260115 1
000260121 1
000260126 1
000260133 1
000260166 1
000360013 1
000360034 1
000360036 1
000360132 1
000360133 1
000360161 1
000360190 1
000360210 1
000360223 1
000360241 1
000360264 1
000360283 1
000360313 1
000360314 1
000360332 1
000360334 1
000360339 1
000360343 1
000360360 1
000360378 1
000480010 1
000480014 1
000480015 1
000480016 1
000480019 1
000480023 1
000480033 1
000480045 1
000480068 1
000480081 1
000480089 1
000480090 1
000480108 1
000480119 1
000480125 1
000480134 1
000480136 1
000480151 1
000480158 1
000480159 1
000530003 1
000530006 1
000530019 1
000530027 1
000530030 1
