000010011 4
000010035 4
000010053 4
000010063 3
000010069 4
000010075 3
000010089 5
000010095 4
000010106 4
000010113 6
000010115 5
000010121 5
000010122 6
000010133 4
000010135 3
000010140 5
000010145 5
000010149 5
000010168 1
000010173 1
000050003 5
000050010 4
000050024 3
000050028 4
000050038 4
000050040 4
000050047 3
000050049 3
000050055 3
000050078 5
000050079 5
000050083 4
000050095 4
000050099 5
000050100 5
000050114 5
000050118 5
000050122 6
000050174 3
000050175 2
000060015 6
000060020 5
000060029 4
000060031 4
000060049 3
000060056 3
000060077 5
000060081 5
000060082 3
000060083 4
000060094 5
000060102 4
000060106 6
000060111 5
000060113 5
000060116 7
000060124 6
000060130 3
000060136 4
000060153 4
000260001 3
000260011 5
000260015 6
000260032 4
000260033 4
000260039 4
000260048 4
000260050 4
000260052 4
000260069 4
000260075 3
000260091 5
000260095 5
000260096 5
000260112 6
000260115 6
000260121 5
000260126 5
000260133 4
000260166 4
000360013 6
000360034 10
000360036 6
000360132 8
000360133 7
000360161 5
000360190 7
000360210 7
000360223 9
000360241 7
000360264 9
000360283 5
000360313 6
000360314 5
000360332 7
000360334 7
000360339 8
000360343 8
000360360 9
000360378 5
000480010 3
000480014 5
000480015 6
000480016 5
000480019 5
000480023 4
000480033 4
000480045 4
000480068 3
000480081 5
000480089 5
000480090 3
000480108 5
000480119 7
000480125 7
000480134 4
000480136 5
000480151 4
000480158 5
000480159 5
000530003 5
000530006 6
000530019 5
000530027 3
000530030 4
