014470124 49280
014470140 119200
014470141 92160
014470149 48160
014470150 50880
020220021 81088
020220023 71104
020220033 65088
020220048 44352
020220056 49552
020220060 42336
020220072 49312
020220091 57952
020220120 48736
020220122 40608
020220139 49744
020220141 40240
020220176 51408
020220200 56064
020220221 42944
020220232 41888
020220259 43248
020220264 50240
020220295 47952
020220366 44240
020340016 54400
020340019 45600
020340029 38080
020340043 37920
020340055 49920
020340056 59680
020340063 35040
020340065 50880
020340071 45760
020340096 48800
020340098 60160
020340109 76960
020340113 76704
020340124 51040
020340140 34720
020340144 63680
020340156 63680
020340162 41120
020340166 31680
020340169 37600
020360017 46128
020360019 55744
020360036 50240
020360055 74624
020360089 79392
020360097 62320
020360100 58656
020360131 69264
020360136 47040
020360143 50912
020360202 54672
020360211 49520
020360220 50096
020360228 46560
020360245 45664
020360299 65136
020360301 43328
020360302 56224
020360312 80800
020360329 51776
020590022 65696
020590026 78784
020590047 48432
020590077 78368
020590103 68912
020590121 61472
020590122 48160
020590123 56176
020590144 59648
020590151 50608
020590164 50512
020590181 51088
020590228 67200
020590265 58144
020590274 63328
020590276 75104
020590290 39712
020590322 66768
020590359 47984
020590376 74224
020610010 52320
020610014 48800
020610061 83376
020610090 60416
020610122 62240
020610134 48320
020610166 51328
020610168 63040
020610174 66400
020610175 51984
020610194 61936
020610201 48000
020610206 50080
020610207 77728
020610291 43680
020610302 65120
020610316 60000
020610328 42560
020610341 92080
020610343 75392
020890003 68528
020890037 51072
020890112 51696
020890134 46256
020890156 48528
020890165 52144
020890206 59776
020890207 51312
020890215 54704
020890219 49984
020890259 49472
020890260 56464
020890267 52016
020890274 73696
020890306 56352
020890313 52432
020890326 84656
020890340 53232
020890346 52144
020890371 48768
