014470124 15
014470140 32
014470141 25
014470149 9
014470150 10
020220021 33
020220023 33
020220033 32
020220048 12
020220056 18
020220060 14
020220072 16
020220091 26
020220120 21
020220122 14
020220139 20
020220141 13
020220176 19
020220200 24
020220221 17
020220232 15
020220259 19
020220264 25
020220295 19
020220366 13
020340016 19
020340019 16
020340029 12
020340043 9
020340055 17
020340056 22
020340063 12
020340065 14
020340071 14
020340096 20
020340098 21
020340109 29
020340113 26
020340124 18
020340140 11
020340144 23
020340156 17
020340162 13
020340166 14
020340169 17
020360017 14
020360019 20
020360036 17
020360055 29
020360089 32
020360097 21
020360100 21
020360131 34
020360136 13
020360143 15
020360202 17
020360211 18
020360220 16
020360228 11
020360245 18
020360299 29
020360301 10
020360302 22
020360312 38
020360329 16
020590022 19
020590026 27
020590047 13
020590077 40
020590103 21
020590121 19
020590122 15
020590123 14
020590144 24
020590151 11
020590164 14
020590181 19
020590228 23
020590265 19
020590274 24
020590276 25
020590290 15
020590322 26
020590359 14
020590376 25
020610010 13
020610014 14
020610061 30
020610090 15
020610122 20
020610134 13
020610166 16
020610168 24
020610174 19
020610175 16
020610194 22
020610201 15
020610206 17
020610207 18
020610291 14
020610302 20
020610316 23
020610328 14
020610341 27
020610343 30
020890003 33
020890037 14
020890112 19
020890134 14
020890156 16
020890165 22
020890206 24
020890207 15
020890215 21
020890219 15
020890259 19
020890260 26
020890267 18
020890274 22
020890306 21
020890313 18
020890326 27
020890340 25
020890346 23
020890371 9
