014470124 1
014470140 1
014470141 1
014470149 1
014470150 1
020220021 1
020220023 1
020220033 1
020220048 1
020220056 1
020220060 1
020220072 1
020220091 1
020220120 1
020220122 1
020220139 1
020220141 1
020220176 1
020220200 1
020220221 1
020220232 1
020220259 1
020220264 1
020220295 1
020220366 1
020340016 1
020340019 1
020340029 1
020340043 1
020340055 1
020340056 1
020340063 1
020340065 1
020340071 1
020340096 1
020340098 1
020340109 1
020340113 1
020340124 1
020340140 1
020340144 1
020340156 1
020340162 1
020340166 1
020340169 1
020360017 1
020360019 1
020360036 1
020360055 1
020360089 1
020360097 1
020360100 1
020360131 1
020360136 1
020360143 1
020360202 1
020360211 1
020360220 1
020360228 1
020360245 1
020360299 1
020360301 1
020360302 1
020360312 1
020360329 1
020590022 1
020590026 1
020590047 1
020590077 1
020590103 1
020590121 1
020590122 1
020590123 1
020590144 1
020590151 1
020590164 1
020590181 1
020590228 1
020590265 1
020590274 1
020590276 1
020590290 1
020590322 1
020590359 1
020590376 1
020610010 1
020610014 1
020610061 1
020610090 1
020610122 1
020610134 1
020610166 1
020610168 1
020610174 1
020610175 1
020610194 1
020610201 1
020610206 1
020610207 1
020610291 1
020610302 1
020610316 1
020610328 1
020610341 1
020610343 1
020890003 1
020890037 1
020890112 1
020890134 1
020890156 1
020890165 1
020890206 1
020890207 1
020890215 1
020890219 1
020890259 1
020890260 1
020890267 1
020890274 1
020890306 1
020890313 1
020890326 1
020890340 1
020890346 1
020890371 1
