014470124 5
014470140 9
014470141 7
014470149 4
014470150 4
020220021 8
020220023 10
020220033 8
020220048 5
020220056 7
020220060 5
020220072 8
020220091 7
020220120 6
020220122 6
020220139 6
020220141 5
020220176 6
020220200 7
020220221 5
020220232 5
020220259 7
020220264 9
020220295 7
020220366 6
020340016 6
020340019 6
020340029 4
020340043 4
020340055 4
020340056 6
020340063 4
020340065 4
020340071 4
020340096 6
020340098 6
020340109 7
020340113 9
020340124 5
020340140 4
020340144 9
020340156 7
020340162 5
020340166 4
020340169 6
020360017 6
020360019 6
020360036 7
020360055 9
020360089 9
020360097 7
020360100 7
020360131 10
020360136 5
020360143 5
020360202 7
020360211 6
020360220 6
020360228 5
020360245 6
020360299 9
020360301 5
020360302 8
020360312 10
020360329 6
020590022 5
020590026 10
020590047 5
020590077 10
020590103 5
020590121 6
020590122 5
020590123 6
020590144 8
020590151 5
020590164 5
020590181 6
020590228 8
020590265 7
020590274 8
020590276 9
020590290 5
020590322 8
020590359 5
020590376 7
020610010 5
020610014 5
020610061 8
020610090 6
020610122 7
020610134 5
020610166 5
020610168 7
020610174 6
020610175 6
020610194 6
020610201 5
020610206 5
020610207 6
020610291 5
020610302 6
020610316 7
020610328 5
020610341 9
020610343 9
020890003 9
020890037 5
020890112 6
020890134 6
020890156 5
020890165 8
020890206 7
020890207 6
020890215 7
020890219 5
020890259 7
020890260 5
020890267 6
020890274 9
020890306 8
020890313 7
020890326 9
020890340 9
020890346 7
020890371 5
