010290003 46384
010290066 58080
010290094 35200
010290096 55040
010290123 56160
010290152 61344
010290179 42880
010290189 47248
010290229 45632
010290236 58240
010290252 52000
010290260 37920
010290276 47840
010290287 48000
010290294 44640
010290320 59488
010290330 53920
010290341 62240
010290361 50240
010290362 45280
010330026 58240
010330033 42880
010330035 51360
010330052 59520
010330053 66240
010330085 53440
010330103 51200
010330129 56464
010330139 72464
010330147 36000
010330197 57920
010330206 77520
010330235 42704
010330241 41120
010330257 52960
010330268 53600
010330277 66560
010330325 59184
010330345 38784
010330346 63680
010420022 55776
010420023 49600
010420025 43040
010420034 53808
010420040 54016
010420047 40688
010420059 52160
010420060 47680
010420064 39040
010420102 52144
010420105 62896
010420107 59200
010420129 54560
010420133 48640
010420134 52048
010420143 81760
010420151 35520
010420157 43104
010420167 56160
010420175 41280
010440006 57920
010440008 60064
010440012 54240
010440017 45584
010440038 56320
010440039 57760
010440053 85920
010440064 43040
010440077 54560
010440093 41760
010440099 32800
010440106 59040
010440107 74720
010440117 50720
010440119 54384
010440120 45920
010440127 50880
010440149 41920
010440150 39520
010440154 30080
010640005 68192
010640017 80976
010640028 89248
010640034 72480
010640036 76912
010640056 70560
010640082 58288
010640098 46336
010640166 79440
010640210 69808
010640212 58384
010640242 44368
010640250 58096
010640277 45472
010640280 75088
010640284 44656
010640286 42224
010640297 69984
010640314 53968
010640366 100000
010920012 60320
010920024 82400
010920025 87680
010920030 41600
010920032 41920
010920033 40800
010920043 43680
010920044 41760
010920065 69264
010920070 59200
010920075 50880
010920101 42080
010920105 71616
010920125 87680
010920126 59840
010920138 61280
010920141 76336
010920153 44160
010920159 63520
010920165 59840
011970004 76016
011970006 120272
011970019 69920
011970023 118400
011970036 50080
