010290003 18
010290066 26
010290094 15
010290096 25
010290123 24
010290152 29
010290179 15
010290189 17
010290229 16
010290236 21
010290252 28
010290260 15
010290276 15
010290287 19
010290294 17
010290320 26
010290330 24
010290341 33
010290361 24
010290362 17
010330026 25
010330033 15
010330035 23
010330052 28
010330053 24
010330085 24
010330103 25
010330129 24
010330139 34
010330147 16
010330197 33
010330206 37
010330235 15
010330241 16
010330257 24
010330268 21
010330277 25
010330325 26
010330345 17
010330346 28
010420022 14
010420023 17
010420025 15
010420034 13
010420040 12
010420047 7
010420059 15
010420060 14
010420064 14
010420102 18
010420105 16
010420107 21
010420129 15
010420133 14
010420134 16
010420143 25
010420151 10
010420157 14
010420167 14
010420175 11
010440006 18
010440008 19
010440012 21
010440017 15
010440038 12
010440039 14
010440053 31
010440064 16
010440077 13
010440093 14
010440099 10
010440106 18
010440107 19
010440117 17
010440119 19
010440120 14
010440127 14
010440149 10
010440150 13
010440154 10
010640005 24
010640017 26
010640028 28
010640034 21
010640036 27
010640056 30
010640082 15
010640098 14
010640166 26
010640210 22
010640212 19
010640242 14
010640250 17
010640277 15
010640280 28
010640284 15
010640286 18
010640297 21
010640314 21
010640366 26
010920012 16
010920024 15
010920025 20
010920030 10
010920032 14
010920033 10
010920043 13
010920044 11
010920065 16
010920070 17
010920075 13
010920101 14
010920105 19
010920125 22
010920126 20
010920138 21
010920141 19
010920153 10
010920159 18
010920165 8
011970004 14
011970006 21
011970019 15
011970023 22
011970036 10
