010290003 1
010290066 1
010290094 1
010290096 1
010290123 1
010290152 1
010290179 1
010290189 1
010290229 1
010290236 1
010290252 1
010290260 1
010290276 1
010290287 1
010290294 1
010290320 1
010290330 1
010290341 1
010290361 1
010290362 1
010330026 1
010330033 1
010330035 1
010330052 1
010330053 1
010330085 1
010330103 1
010330129 1
010330139 1
010330147 1
010330197 1
010330206 1
010330235 1
010330241 1
010330257 1
010330268 1
010330277 1
010330325 1
010330345 1
010330346 1
010420022 1
010420023 1
010420025 1
010420034 1
010420040 1
010420047 1
010420059 1
010420060 1
010420064 1
010420102 1
010420105 1
010420107 1
010420129 1
010420133 1
010420134 1
010420143 1
010420151 1
010420157 1
010420167 1
010420175 1
010440006 1
010440008 1
010440012 1
010440017 1
010440038 1
010440039 1
010440053 1
010440064 1
010440077 1
010440093 1
010440099 1
010440106 1
010440107 1
010440117 1
010440119 1
010440120 1
010440127 1
010440149 1
010440150 1
010440154 1
010640005 1
010640017 1
010640028 1
010640034 1
010640036 1
010640056 1
010640082 1
010640098 1
010640166 1
010640210 1
010640212 1
010640242 1
010640250 1
010640277 1
010640280 1
010640284 1
010640286 1
010640297 1
010640314 1
010640366 1
010920012 1
010920024 1
010920025 1
010920030 1
010920032 1
010920033 1
010920043 1
010920044 1
010920065 1
010920070 1
010920075 1
010920101 1
010920105 1
010920125 1
010920126 1
010920138 1
010920141 1
010920153 1
010920159 1
010920165 1
011970004 1
011970006 1
011970019 1
011970023 1
011970036 1
