010290003 6
010290066 9
010290094 5
010290096 8
010290123 8
010290152 9
010290179 6
010290189 6
010290229 6
010290236 8
010290252 10
010290260 5
010290276 6
010290287 7
010290294 6
010290320 9
010290330 8
010290341 9
010290361 8
010290362 7
010330026 9
010330033 5
010330035 8
010330052 6
010330053 9
010330085 7
010330103 7
010330129 10
010330139 10
010330147 6
010330197 9
010330206 9
010330235 6
010330241 6
010330257 9
010330268 7
010330277 10
010330325 8
010330345 6
010330346 9
010420022 4
010420023 4
010420025 4
010420034 4
010420040 4
010420047 3
010420059 4
010420060 4
010420064 4
010420102 5
010420105 5
010420107 6
010420129 4
010420133 4
010420134 4
010420143 6
010420151 4
010420157 4
010420167 6
010420175 5
010440006 6
010440008 5
010440012 6
010440017 5
010440038 4
010440039 4
010440053 7
010440064 5
010440077 4
010440093 4
010440099 4
010440106 6
010440107 6
010440117 5
010440119 5
010440120 3
010440127 4
010440149 5
010440150 5
010440154 4
010640005 10
010640017 10
010640028 9
010640034 7
010640036 10
010640056 9
010640082 6
010640098 5
010640166 8
010640210 8
010640212 6
010640242 5
010640250 7
010640277 6
010640280 10
010640284 5
010640286 7
010640297 9
010640314 6
010640366 10
010920012 5
010920024 4
010920025 6
010920030 4
010920032 4
010920033 4
010920043 4
010920044 4
010920065 4
010920070 4
010920075 5
010920101 5
010920105 5
010920125 7
010920126 7
010920138 5
010920141 6
010920153 4
010920159 7
010920165 4
011970004 5
011970006 7
011970019 5
011970023 6
011970036 3
